_id,x,y,color
5fc17afe56d811342430642e,0,0,#f2d9ea
5fc17afe56d8113424306438,10,0,#ebc1fb
5fc17afe56d8113424306439,11,0,#ebc1fb
5fc17afe56d811342430643a,12,0,#ebc1fb
5fc17afe56d811342430643b,13,0,#ebc1fb
5fc17afe56d811342430643c,14,0,#ebc1fb
5fc17afe56d811342430643d,15,0,#ebc1fb
5fc17afe56d811342430643e,16,0,#ebc1fb
5fc17afe56d811342430643f,17,0,#ebc1fb
5fc17afe56d8113424306440,18,0,#ebc1fb
5fc17afe56d8113424306441,19,0,#e1abf7
5fc17afe56d8113424306442,20,0,#e1abf7
5fc17afe56d8113424306443,21,0,#e49eff
5fc17afe56d8113424306444,22,0,#e49eff
5fc17afe56d8113424306445,23,0,#a860c3
5fc17afe56d8113424306446,24,0,#e9adff
5fc17afe56d8113424306447,25,0,#e9adff
5fc17afe56d8113424306448,26,0,#efc2ff
5fc17afe56d8113424306449,27,0,#f4d6ff
5fc17afe56d811342430644a,28,0,#f4d6ff
5fc17afe56d811342430644b,29,0,#e5c7f5
5fc17afe56d811342430644c,30,0,#e5c7f5
5fc17afe56d811342430644d,31,0,#e5c7f5
5fc17afe56d811342430644e,32,0,#eac5f7
5fc17afe56d811342430644f,33,0,#eac5f7
5fc17afe56d8113424306450,34,0,#a862c3
5fc17afe56d8113424306451,35,0,#e6b1fb
5fc17afe56d8113424306452,36,0,#e6b1fb
5fc17afe56d8113424306453,37,0,#f1ccff
5fc17afe56d8113424306454,38,0,#f3d8fd
5fc17afe56d8113424306455,39,0,#f3d8fd
5fc17afe56d8113424306456,40,0,#a862c3
5fc17afe56d8113424306457,41,0,#a862c3
5fc17afe56d8113424306458,42,0,#a862c3
5fc17afe56d8113424306459,43,0,#f3d6ff
5fc17afe56d811342430645a,44,0,#f3d6ff
5fc17afe56d811342430645b,45,0,#a862c3
5fc17afe56d811342430645c,46,0,#f8e5ff
5fc17afe56d811342430645d,47,0,#f8e5ff
5fc17afe56d811342430645e,48,0,#ffffff
5fc17afe56d811342430645f,49,0,#ffffff
5fc17afe56d8113424306460,50,0,#ffffff
5fc17afe56d8113424306461,51,0,#ffffff
5fc17afe56d8113424306462,52,0,#ffffff
5fc17afe56d8113424306463,53,0,#ffffff
5fc17afe56d8113424306464,54,0,#ffffff
5fc17afe56d8113424306465,55,0,#ffffff
5fc17afe56d8113424306466,56,0,#ffffff
5fc17afe56d8113424306467,57,0,#ffffff
5fc17afe56d8113424306468,58,0,#ffffff
5fc17afe56d8113424306469,59,0,#ffffff
5fc17afe56d811342430646a,60,0,#ffffff
5fc17afe56d811342430646b,61,0,#ffffff
5fc17afe56d811342430646c,62,0,#ffffff
5fc17afe56d811342430646d,63,0,#ffffff
5fc17afe56d811342430646e,64,0,#ffffff
5fc17afe56d811342430646f,65,0,#ffffff
5fc17afe56d8113424306470,66,0,#ffffff
5fc17afe56d8113424306471,67,0,#ffffff
5fc17afe56d8113424306472,68,0,#ffffff
5fc17afe56d8113424306473,69,0,#ffffff
5fc17afe56d8113424306474,70,0,#ffffff
5fc17afe56d8113424306475,71,0,#ffffff
5fc17afe56d8113424306476,72,0,#ffffff
5fc17afe56d8113424306477,73,0,#ffffff
5fc17afe56d8113424306478,74,0,#ffffff
5fc17afe56d8113424306479,75,0,#ffffff
5fc17afe56d811342430647a,76,0,#ffffff
5fc17afe56d811342430647b,77,0,#ffffff
5fc17afe56d811342430647c,78,0,#ffffff
5fc17afe56d811342430647d,79,0,#ffffff
5fc17afe56d811342430647e,80,0,#ffffff
5fc17afe56d811342430647f,81,0,#ffffff
5fc17afe56d8113424306480,82,0,#ffffff
5fc17afe56d8113424306481,83,0,#ffffff
5fc17afe56d8113424306482,84,0,#ffffff
5fc17afe56d8113424306483,85,0,#ffffff
5fc17afe56d8113424306484,86,0,#ffffff
5fc17afe56d8113424306485,87,0,#ffffff
5fc17afe56d8113424306486,88,0,#ffffff
5fc17afe56d8113424306487,89,0,#ffffff
5fc17afe56d8113424306488,90,0,#ffffff
5fc17afe56d8113424306489,91,0,#ffffff
5fc17afe56d811342430648a,92,0,#ffffff
5fc17afe56d811342430648b,93,0,#ffffff
5fc17afe56d811342430648c,94,0,#ffffff
5fc17afe56d811342430648d,95,0,#ffffff
5fc17afe56d811342430648e,96,0,#ffffff
5fc17afe56d811342430648f,97,0,#ffffff
5fc17afe56d8113424306490,98,0,#ffffff
5fc17afe56d8113424306491,99,0,#ffffff
5fc17afe56d8113424306492,100,0,#25f906
5fc17afe56d8113424306493,0,1,#f8e5ff
5fc17afe56d8113424306494,1,1,#f8e5ff
5fc17afe56d8113424306495,2,1,#f8e5ff
5fc17afe56d8113424306496,3,1,#f5dbff
5fc17afe56d8113424306497,4,1,#f5dbff
5fc17afe56d8113424306498,5,1,#a862c3
5fc17afe56d8113424306499,6,1,#f2dafb
5fc17afe56d811342430649a,7,1,#efd0fb
5fc17afe56d811342430649b,8,1,#a862c3
5fc17afe56d811342430649c,9,1,#e9c5f7
5fc17afe56d811342430649d,10,1,#e9c5f7
5fc17afe56d811342430649e,11,1,#e9c5f7
5fc17afe56d811342430649f,12,1,#e9c5f7
5fc17afe56d81134243064a0,13,1,#e9c5f7
5fc17afe56d81134243064a1,14,1,#e9c5f7
5fc17afe56d81134243064a2,15,1,#e9c5f7
5fc17afe56d81134243064a3,16,1,#e9c5f7
5fc17afe56d81134243064a4,17,1,#e9c5f7
5fc17afe56d81134243064a5,18,1,#e9c5f7
5fc17afe56d81134243064a6,19,1,#e9bcfb
5fc17afe56d81134243064a7,20,1,#e9bcfb
5fc17afe56d81134243064a8,21,1,#e9bcfb
5fc17afe56d81134243064a9,22,1,#e2abf7
5fc17afe56d81134243064aa,23,1,#a862c3
5fc17afe56d81134243064ab,24,1,#efc7ff
5fc17afe56d81134243064ac,25,1,#efc7ff
5fc17afe56d81134243064ad,26,1,#efc7ff
5fc17afe56d81134243064ae,27,1,#f3d6ff
5fc17afe56d81134243064af,28,1,#f3d6ff
5fc17afe56d81134243064b0,29,1,#edc2ff
5fc17afe56d81134243064b1,30,1,#edc2ff
5fc17afe56d81134243064b2,31,1,#edc2ff
5fc17afe56d81134243064b3,32,1,#edc2ff
5fc17afe56d81134243064b4,33,1,#a862c3
5fc17afe56d81134243064b5,34,1,#a862c3
5fc17afe56d81134243064b6,35,1,#a862c3
5fc17afe56d81134243064b7,36,1,#e7b9f9
5fc17afe56d81134243064b8,37,1,#f0d5fb
5fc17afe56d81134243064b9,38,1,#f0d5fb
5fc17afe56d81134243064ba,39,1,#f0d5fb
5fc17afe56d81134243064bb,40,1,#f4ddfd
5fc17afe56d81134243064bc,41,1,#f4ddfd
5fc17afe56d81134243064bd,42,1,#a862c3
5fc17afe56d81134243064be,43,1,#a862c3
5fc17afe56d81134243064bf,44,1,#a862c3
5fc17afe56d81134243064c0,45,1,#a862c3
5fc17afe56d81134243064c1,46,1,#ffffff
5fc17afe56d81134243064c2,47,1,#ffffff
5fc17afe56d81134243064c3,48,1,#ffffff
5fc17afe56d81134243064c4,49,1,#ffffff
5fc17afe56d81134243064c5,50,1,#ffffff
5fc17afe56d81134243064c6,51,1,#ffffff
5fc17afe56d81134243064c7,52,1,#ffffff
5fc17afe56d81134243064c8,53,1,#ffffff
5fc17afe56d81134243064c9,54,1,#ffffff
5fc17afe56d81134243064ca,55,1,#ffffff
5fc17afe56d81134243064cb,56,1,#ffffff
5fc17afe56d81134243064cc,57,1,#ffffff
5fc17afe56d81134243064cd,58,1,#ffffff
5fc17afe56d81134243064ce,59,1,#ffffff
5fc17afe56d81134243064cf,60,1,#ffffff
5fc17afe56d81134243064d0,61,1,#ffffff
5fc17afe56d81134243064d1,62,1,#ffffff
5fc17afe56d81134243064d2,63,1,#ffffff
5fc17afe56d81134243064d3,64,1,#ffffff
5fc17afe56d81134243064d4,65,1,#ffffff
5fc17afe56d81134243064d5,66,1,#ffffff
5fc17afe56d81134243064d6,67,1,#ffffff
5fc17afe56d81134243064d7,68,1,#ffffff
5fc17afe56d81134243064d8,69,1,#ffffff
5fc17afe56d81134243064d9,70,1,#ffffff
5fc17afe56d81134243064da,71,1,#ffffff
5fc17afe56d81134243064db,72,1,#ffffff
5fc17afe56d81134243064dc,73,1,#ffffff
5fc17afe56d81134243064dd,74,1,#ffffff
5fc17afe56d81134243064de,75,1,#ffffff
5fc17afe56d81134243064df,76,1,#ffffff
5fc17afe56d81134243064e0,77,1,#ffffff
5fc17afe56d81134243064e1,78,1,#ffffff
5fc17afe56d81134243064e2,79,1,#ffffff
5fc17afe56d81134243064e3,80,1,#ffffff
5fc17afe56d81134243064e4,81,1,#ffffff
5fc17afe56d81134243064e5,82,1,#ffffff
5fc17afe56d81134243064e6,83,1,#ffffff
5fc17afe56d81134243064e7,84,1,#ffffff
5fc17afe56d81134243064e8,85,1,#ffffff
5fc17afe56d81134243064e9,86,1,#ffffff
5fc17afe56d81134243064ea,87,1,#ffffff
5fc17afe56d81134243064eb,88,1,#ffffff
5fc17afe56d81134243064ec,89,1,#ffffff
5fc17afe56d81134243064ed,90,1,#ffffff
5fc17afe56d81134243064ee,91,1,#ffffff
5fc17afe56d81134243064ef,92,1,#ffffff
5fc17afe56d81134243064f0,93,1,#ffffff
5fc17afe56d81134243064f1,94,1,#ffffff
5fc17afe56d81134243064f2,95,1,#ffffff
5fc17afe56d81134243064f3,96,1,#ffffff
5fc17afe56d81134243064f4,97,1,#ffffff
5fc17afe56d81134243064f5,98,1,#ffffff
5fc17afe56d81134243064f6,99,1,#ffffff
5fc17afe56d81134243064f7,100,1,#ffffff
5fc17afe56d81134243064f8,0,2,#f0d5fb
5fc17afe56d81134243064f9,1,2,#f0d5fb
5fc17afe56d81134243064fa,2,2,#f0d5fb
5fc17afe56d81134243064fb,3,2,#f0d5fb
5fc17afe56d81134243064fc,4,2,#f0d5fb
5fc17afe56d81134243064fd,5,2,#a862c3
5fc17afe56d81134243064fe,6,2,#eacaf7
5fc17afe56d81134243064ff,7,2,#eacaf7
5fc17afe56d8113424306500,8,2,#a862c3
5fc17afe56d8113424306501,9,2,#e9c5f7
5fc17afe56d8113424306502,10,2,#e9c5f7
5fc17afe56d8113424306503,11,2,#e9c5f7
5fc17afe56d8113424306504,12,2,#e9c5f7
5fc17afe56d8113424306505,13,2,#e9c5f7
5fc17afe56d8113424306506,14,2,#e9c5f7
5fc17afe56d8113424306507,15,2,#e9c5f7
5fc17afe56d8113424306508,16,2,#e9c5f7
5fc17afe56d8113424306509,17,2,#e9c5f7
5fc17afe56d811342430650a,18,2,#eec2ff
5fc17afe56d811342430650b,19,2,#eec2ff
5fc17afe56d811342430650c,20,2,#ebb8ff
5fc17afe56d811342430650d,21,2,#ebb8ff
5fc17afe56d811342430650e,22,2,#ebb8ff
5fc17afe56d811342430650f,23,2,#a862c3
5fc17afe56d8113424306510,24,2,#efc8fe
5fc17afe56d8113424306511,25,2,#efc8fe
5fc17afe56d8113424306512,26,2,#f3d7fe
5fc17afe56d8113424306513,27,2,#f3d7fe
5fc17afe56d8113424306514,28,2,#f3d7fe
5fc17afe56d8113424306515,29,2,#f3d7fe
5fc17afe56d8113424306516,30,2,#f1ccff
5fc17afe56d8113424306517,31,2,#f1ccff
5fc17afe56d8113424306518,32,2,#f1ccff
5fc17afe56d8113424306519,33,2,#a862c3
5fc17afe56d811342430651a,34,2,#a862c3
5fc17afe56d811342430651b,35,2,#a862c3
5fc17afe56d811342430651c,36,2,#f0d5fb
5fc17afe56d811342430651d,37,2,#f0d5fb
5fc17afe56d811342430651e,38,2,#f0d5fb
5fc17afe56d811342430651f,39,2,#f0d5fb
5fc17afe56d8113424306520,40,2,#f0d5fb
5fc17afe56d8113424306521,41,2,#f6e0ff
5fc17afe56d8113424306522,42,2,#f3d6ff
5fc17afe56d8113424306523,43,2,#f3d6ff
5fc17afe56d8113424306524,44,2,#f3d6ff
5fc17afe56d8113424306525,45,2,#a862c3
5fc17afe56d8113424306526,46,2,#ffffff
5fc17afe56d8113424306527,47,2,#ffffff
5fc17afe56d8113424306528,48,2,#ffffff
5fc17afe56d8113424306529,49,2,#ffffff
5fc17afe56d811342430652a,50,2,#ffffff
5fc17afe56d811342430652b,51,2,#ffffff
5fc17afe56d811342430652c,52,2,#ffffff
5fc17afe56d811342430652d,53,2,#ffffff
5fc17afe56d811342430652e,54,2,#ffffff
5fc17afe56d811342430652f,55,2,#ffffff
5fc17afe56d8113424306530,56,2,#ffffff
5fc17afe56d8113424306531,57,2,#ffffff
5fc17afe56d8113424306532,58,2,#ffffff
5fc17afe56d8113424306533,59,2,#ffffff
5fc17afe56d8113424306534,60,2,#ffffff
5fc17afe56d8113424306535,61,2,#ffffff
5fc17afe56d8113424306536,62,2,#ffffff
5fc17afe56d8113424306537,63,2,#ffffff
5fc17afe56d8113424306538,64,2,#ffffff
5fc17afe56d8113424306539,65,2,#ffffff
5fc17afe56d811342430653a,66,2,#ffffff
5fc17afe56d811342430653b,67,2,#ffffff
5fc17afe56d811342430653c,68,2,#ffffff
5fc17afe56d811342430653d,69,2,#ffffff
5fc17afe56d811342430653e,70,2,#ffffff
5fc17afe56d811342430653f,71,2,#ffffff
5fc17afe56d8113424306540,72,2,#ffffff
5fc17afe56d8113424306541,73,2,#ffffff
5fc17afe56d8113424306542,74,2,#ffffff
5fc17afe56d8113424306543,75,2,#ffffff
5fc17afe56d8113424306544,76,2,#ffffff
5fc17afe56d8113424306545,77,2,#ffffff
5fc17afe56d8113424306546,78,2,#ffffff
5fc17afe56d8113424306547,79,2,#ffffff
5fc17afe56d8113424306548,80,2,#ffffff
5fc17afe56d8113424306549,81,2,#ffffff
5fc17afe56d811342430654a,82,2,#ffffff
5fc17afe56d811342430654b,83,2,#ffffff
5fc17afe56d811342430654c,84,2,#ffffff
5fc17afe56d811342430654d,85,2,#ffffff
5fc17afe56d811342430654e,86,2,#ffffff
5fc17afe56d811342430654f,87,2,#ffffff
5fc17afe56d8113424306550,88,2,#ffffff
5fc17afe56d8113424306551,89,2,#ffffff
5fc17afe56d8113424306552,90,2,#ffffff
5fc17afe56d8113424306553,91,2,#ffffff
5fc17afe56d8113424306554,92,2,#ffffff
5fc17afe56d8113424306555,93,2,#ffffff
5fc17afe56d8113424306556,94,2,#ffffff
5fc17afe56d8113424306557,95,2,#ffffff
5fc17afe56d8113424306558,96,2,#ffffff
5fc17afe56d8113424306559,97,2,#ffffff
5fc17afe56d811342430655a,98,2,#ffffff
5fc17afe56d811342430655b,99,2,#ffffff
5fc17afe56d811342430655c,100,2,#ffffff
5fc17afe56d811342430655d,0,3,#f5dbff
5fc17afe56d811342430655e,1,3,#a862c3
5fc17afe56d811342430655f,2,3,#f5dbff
5fc17afe56d8113424306560,3,3,#f1ccff
5fc17afe56d8113424306561,4,3,#ffffff
5fc17afe56d8113424306562,5,3,#a862c3
5fc17afe56d8113424306563,6,3,#e7bff7
5fc17afe56d8113424306564,7,3,#e7bff7
5fc17afe56d8113424306565,8,3,#a862c3
5fc17afe56d8113424306566,9,3,#f3d6ff
5fc17afe56d8113424306567,10,3,#f3d6ff
5fc17afe56d8113424306568,11,3,#f3d6ff
5fc17afe56d8113424306569,12,3,#f3d6ff
5fc17afe56d811342430656a,13,3,#f3d6ff
5fc17afe56d811342430656b,14,3,#f3d6ff
5fc17afe56d811342430656c,15,3,#f3d6ff
5fc17afe56d811342430656d,16,3,#f3d6ff
5fc17afe56d811342430656e,17,3,#f0ccff
5fc17afe56d811342430656f,18,3,#f0ccff
5fc17afe56d8113424306570,19,3,#f0ccff
5fc17afe56d8113424306571,20,3,#f0ccff
5fc17afe56d8113424306572,21,3,#a862c3
5fc17afe56d8113424306573,22,3,#f6e0ff
5fc17afe56d8113424306574,23,3,#a862c3
5fc17afe56d8113424306575,24,3,#f6e0ff
5fc17afe56d8113424306576,25,3,#f6e0ff
5fc17afe56d8113424306577,26,3,#f6e0ff
5fc17afe56d8113424306578,27,3,#f6e0ff
5fc17afe56d8113424306579,28,3,#f6e0ff
5fc17afe56d811342430657a,29,3,#f6e0ff
5fc17afe56d811342430657b,30,3,#f6e0ff
5fc17afe56d811342430657c,31,3,#f6e0ff
5fc17afe56d811342430657d,32,3,#f6e0ff
5fc17afe56d811342430657e,33,3,#a862c3
5fc17afe56d811342430657f,34,3,#ffcdbd
5fc17afe56d8113424306580,35,3,#a862c3
5fc17afe56d8113424306581,36,3,#f2d1ff
5fc17afe56d8113424306582,37,3,#f5dbff
5fc17afe56d8113424306583,38,3,#ffffff
5fc17afe56d8113424306584,39,3,#f5dbff
5fc17afe56d8113424306585,40,3,#f5dbff
5fc17afe56d8113424306586,41,3,#f5dbff
5fc17afe56d8113424306587,42,3,#f5dbff
5fc17afe56d8113424306588,43,3,#f5dbff
5fc17afe56d8113424306589,44,3,#f5dbff
5fc17afe56d811342430658a,45,3,#a862c3
5fc17afe56d811342430658b,46,3,#ffffff
5fc17afe56d811342430658c,47,3,#ffffff
5fc17afe56d811342430658d,48,3,#ffffff
5fc17afe56d811342430658e,49,3,#ffffff
5fc17afe56d811342430658f,50,3,#ffffff
5fc17afe56d8113424306590,51,3,#ffffff
5fc17afe56d8113424306591,52,3,#ffffff
5fc17afe56d8113424306592,53,3,#ffffff
5fc17afe56d8113424306593,54,3,#ffffff
5fc17afe56d8113424306594,55,3,#ffffff
5fc17afe56d8113424306595,56,3,#ffffff
5fc17afe56d8113424306596,57,3,#ffffff
5fc17afe56d8113424306597,58,3,#ffffff
5fc17afe56d8113424306598,59,3,#ffffff
5fc17afe56d8113424306599,60,3,#ffffff
5fc17afe56d811342430659a,61,3,#ffffff
5fc17afe56d811342430659b,62,3,#ffffff
5fc17afe56d811342430659c,63,3,#ffffff
5fc17afe56d811342430659d,64,3,#ffffff
5fc17afe56d811342430659e,65,3,#ffffff
5fc17afe56d811342430659f,66,3,#ffffff
5fc17afe56d81134243065a0,67,3,#ffffff
5fc17afe56d81134243065a1,68,3,#ffffff
5fc17afe56d81134243065a2,69,3,#ffffff
5fc17afe56d81134243065a3,70,3,#ffffff
5fc17afe56d81134243065a4,71,3,#ffffff
5fc17afe56d81134243065a5,72,3,#ffffff
5fc17afe56d81134243065a6,73,3,#ffffff
5fc17afe56d81134243065a7,74,3,#ffffff
5fc17afe56d81134243065a8,75,3,#ffffff
5fc17afe56d81134243065a9,76,3,#ffffff
5fc17afe56d81134243065aa,77,3,#ffffff
5fc17afe56d81134243065ab,78,3,#ffffff
5fc17afe56d81134243065ac,79,3,#ffffff
5fc17afe56d81134243065ad,80,3,#ffffff
5fc17afe56d81134243065ae,81,3,#ffffff
5fc17afe56d81134243065af,82,3,#ffffff
5fc17afe56d81134243065b0,83,3,#ffffff
5fc17afe56d81134243065b1,84,3,#ffffff
5fc17afe56d81134243065b2,85,3,#ffffff
5fc17afe56d81134243065b3,86,3,#ffffff
5fc17afe56d81134243065b4,87,3,#ffffff
5fc17afe56d81134243065b5,88,3,#ffffff
5fc17afe56d81134243065b6,89,3,#ffffff
5fc17afe56d81134243065b7,90,3,#ffffff
5fc17afe56d81134243065b8,91,3,#ffffff
5fc17afe56d81134243065b9,92,3,#ffffff
5fc17afe56d81134243065ba,93,3,#ffffff
5fc17afe56d81134243065bb,94,3,#ffffff
5fc17afe56d81134243065bc,95,3,#ffffff
5fc17afe56d81134243065bd,96,3,#ffffff
5fc17afe56d81134243065be,97,3,#ffffff
5fc17afe56d81134243065bf,98,3,#ffffff
5fc17afe56d81134243065c0,99,3,#ffffff
5fc17afe56d81134243065c1,100,3,#ffffff
5fc17afe56d81134243065c2,0,4,#ffffff
5fc17afe56d81134243065c3,1,4,#a862c3
5fc17afe56d81134243065c4,2,4,#ffffff
5fc17afe56d81134243065c5,3,4,#ffffff
5fc17afe56d81134243065c6,4,4,#a862c3
5fc17afe56d81134243065c7,5,4,#ffffff
5fc17afe56d81134243065c8,6,4,#ffffff
5fc17afe56d81134243065c9,7,4,#ffffff
5fc17afe56d81134243065ca,8,4,#a862c3
5fc17afe56d81134243065cb,9,4,#ffffff
5fc17afe56d81134243065cc,10,4,#ffffff
5fc17afe56d81134243065cd,11,4,#ffffff
5fc17afe56d81134243065ce,12,4,#ffffff
5fc17afe56d81134243065cf,13,4,#ffffff
5fc17afe56d81134243065d0,14,4,#ffffff
5fc17afe56d81134243065d1,15,4,#ffffff
5fc17afe56d81134243065d2,16,4,#ffffff
5fc17afe56d81134243065d3,17,4,#ffffff
5fc17afe56d81134243065d4,18,4,#ffffff
5fc17afe56d81134243065d5,19,4,#ffffff
5fc17afe56d81134243065d6,20,4,#ffffff
5fc17afe56d81134243065d7,21,4,#a862c3
5fc17afe56d81134243065d8,22,4,#ffffff
5fc17afe56d81134243065d9,23,4,#a862c3
5fc17afe56d81134243065da,24,4,#f5dbff
5fc17afe56d81134243065db,25,4,#f5dbff
5fc17afe56d81134243065dc,26,4,#ffffff
5fc17afe56d81134243065dd,27,4,#ffffff
5fc17afe56d81134243065de,28,4,#ffffff
5fc17afe56d81134243065df,29,4,#ffffff
5fc17afe56d81134243065e0,30,4,#ffffff
5fc17afe56d81134243065e1,31,4,#ffffff
5fc17afe56d811342430642f,1,0,#f2d9ea
5fc17afe56d81134243065e2,32,4,#f5dbff
5fc17afe56d81134243065e3,33,4,#a862c3
5fc17afe56d81134243065e4,34,4,#f3b19b
5fc17afe56d81134243065e5,35,4,#a862c3
5fc17afe56d81134243065e6,36,4,#f5dbff
5fc17afe56d81134243065e7,37,4,#ffffff
5fc17afe56d81134243065e8,38,4,#ffffff
5fc17afe56d81134243065e9,39,4,#ffffff
5fc17afe56d81134243065ea,40,4,#f5dbff
5fc17afe56d81134243065eb,41,4,#f5dbff
5fc17afe56d81134243065ec,42,4,#f5dbff
5fc17afe56d81134243065ed,43,4,#f5dbff
5fc17afe56d81134243065ee,44,4,#f5dbff
5fc17afe56d81134243065ef,45,4,#a862c3
5fc17afe56d81134243065f0,46,4,#ffffff
5fc17afe56d81134243065f1,47,4,#ffffff
5fc17afe56d81134243065f2,48,4,#ffffff
5fc17afe56d81134243065f3,49,4,#ffffff
5fc17afe56d8113424306430,2,0,#ffd6f2
5fc17afe56d81134243065f4,50,4,#ffffff
5fc17afe56d81134243065f5,51,4,#ffffff
5fc17afe56d81134243065f6,52,4,#ffffff
5fc17afe56d81134243065f7,53,4,#ffffff
5fc17afe56d81134243065f8,54,4,#ffffff
5fc17afe56d81134243065f9,55,4,#ffffff
5fc17afe56d81134243065fa,56,4,#ffffff
5fc17afe56d81134243065fb,57,4,#ffffff
5fc17afe56d81134243065fc,58,4,#ffffff
5fc17afe56d81134243065fd,59,4,#ffffff
5fc17afe56d81134243065fe,60,4,#ffffff
5fc17afe56d81134243065ff,61,4,#ffffff
5fc17afe56d8113424306600,62,4,#ffffff
5fc17afe56d8113424306601,63,4,#ffffff
5fc17afe56d8113424306602,64,4,#ffffff
5fc17afe56d8113424306431,3,0,#ffd6f2
5fc17afe56d8113424306603,65,4,#ffffff
5fc17afe56d8113424306604,66,4,#ffffff
5fc17afe56d8113424306605,67,4,#ffffff
5fc17afe56d8113424306606,68,4,#ffffff
5fc17afe56d8113424306607,69,4,#ffffff
5fc17afe56d8113424306608,70,4,#ffffff
5fc17afe56d8113424306609,71,4,#ffffff
5fc17afe56d811342430660a,72,4,#ffffff
5fc17afe56d811342430660b,73,4,#ffffff
5fc17afe56d811342430660c,74,4,#ffffff
5fc17afe56d811342430660d,75,4,#ffffff
5fc17afe56d811342430660e,76,4,#ffffff
5fc17afe56d811342430660f,77,4,#ffffff
5fc17afe56d8113424306610,78,4,#ffffff
5fc17afe56d8113424306611,79,4,#ffffff
5fc17afe56d8113424306612,80,4,#ffffff
5fc17afe56d8113424306613,81,4,#ffffff
5fc17afe56d8113424306614,82,4,#ffffff
5fc17afe56d8113424306615,83,4,#ffffff
5fc17afe56d8113424306616,84,4,#ffffff
5fc17afe56d8113424306617,85,4,#ffffff
5fc17afe56d8113424306432,4,0,#ffd6f2
5fc17afe56d8113424306618,86,4,#ffffff
5fc17afe56d8113424306619,87,4,#ffffff
5fc17afe56d811342430661a,88,4,#ffffff
5fc17afe56d811342430661b,89,4,#ffffff
5fc17afe56d811342430661c,90,4,#ffffff
5fc17afe56d811342430661d,91,4,#ffffff
5fc17afe56d811342430661e,92,4,#ffffff
5fc17afe56d811342430661f,93,4,#ffffff
5fc17afe56d8113424306620,94,4,#ffffff
5fc17afe56d8113424306621,95,4,#ffffff
5fc17afe56d8113424306622,96,4,#ffffff
5fc17afe56d8113424306623,97,4,#ffffff
5fc17afe56d8113424306624,98,4,#ffffff
5fc17afe56d8113424306625,99,4,#ffffff
5fc17afe56d8113424306626,100,4,#ffffff
5fc17afe56d8113424306627,0,5,#a862c3
5fc17afe56d8113424306628,1,5,#ffffff
5fc17afe56d8113424306629,2,5,#ffffff
5fc17afe56d811342430662a,3,5,#ffffff
5fc17afe56d8113424306433,5,0,#ffccef
5fc17afe56d811342430662b,4,5,#a862c3
5fc17afe56d811342430662c,5,5,#ffffff
5fc17afe56d811342430662d,6,5,#ffffff
5fc17afe56d811342430662e,7,5,#ffffff
5fc17afe56d811342430662f,8,5,#a862c3
5fc17afe56d8113424306630,9,5,#ffffff
5fc17afe56d8113424306631,10,5,#ffffff
5fc17afe56d8113424306632,11,5,#ffffff
5fc17afe56d8113424306633,12,5,#ffffff
5fc17afe56d8113424306634,13,5,#ffffff
5fc17afe56d8113424306635,14,5,#ffffff
5fc17afe56d8113424306636,15,5,#ffffff
5fc17afe56d8113424306434,6,0,#a860c3
5fc17afe56d8113424306637,16,5,#ffffff
5fc17afe56d8113424306638,17,5,#ffffff
5fc17afe56d8113424306639,18,5,#ffffff
5fc17afe56d811342430663a,19,5,#ffffff
5fc17afe56d811342430663b,20,5,#ffffff
5fc17afe56d811342430663c,21,5,#a862c3
5fc17afe56d811342430663d,22,5,#ffffff
5fc17afe56d811342430663e,23,5,#a862c3
5fc17afe56d811342430663f,24,5,#ffffff
5fc17afe56d8113424306640,25,5,#ffffff
5fc17afe56d8113424306641,26,5,#ffffff
5fc17afe56d8113424306642,27,5,#ffffff
5fc17afe56d8113424306643,28,5,#ffffff
5fc17afe56d8113424306435,7,0,#f3e9f7
5fc17afe56d8113424306644,29,5,#ffffff
5fc17afe56d8113424306645,30,5,#ffffff
5fc17afe56d8113424306646,31,5,#ffffff
5fc17afe56d8113424306647,32,5,#ffffff
5fc17afe56d8113424306648,33,5,#a862c3
5fc17afe56d8113424306649,34,5,#f3b19b
5fc17afe56d811342430664a,35,5,#a862c3
5fc17afe56d811342430664b,36,5,#ffffff
5fc17afe56d811342430664c,37,5,#ffffff
5fc17afe56d811342430664d,38,5,#ffffff
5fc17afe56d811342430664e,39,5,#ffffff
5fc17afe56d811342430664f,40,5,#ffffff
5fc17afe56d8113424306650,41,5,#ffffff
5fc17afe56d8113424306651,42,5,#ffffff
5fc17afe56d8113424306652,43,5,#ffffff
5fc17afe56d8113424306653,44,5,#ffffff
5fc17afe56d8113424306654,45,5,#f5dbff
5fc17afe56d8113424306655,46,5,#ffffff
5fc17afe56d8113424306656,47,5,#ffffff
5fc17afe56d8113424306657,48,5,#ffffff
5fc17afe56d8113424306658,49,5,#ffffff
5fc17afe56d8113424306436,8,0,#e6c2f5
5fc17afe56d8113424306659,50,5,#ffffff
5fc17afe56d811342430665a,51,5,#ffffff
5fc17afe56d811342430665b,52,5,#ffffff
5fc17afe56d811342430665c,53,5,#ffffff
5fc17afe56d811342430665d,54,5,#ffffff
5fc17afe56d811342430665e,55,5,#ffffff
5fc17afe56d811342430665f,56,5,#ffffff
5fc17afe56d8113424306660,57,5,#ffffff
5fc17afe56d8113424306661,58,5,#ffffff
5fc17afe56d8113424306662,59,5,#ffffff
5fc17afe56d8113424306663,60,5,#ffffff
5fc17afe56d8113424306664,61,5,#ffffff
5fc17afe56d8113424306665,62,5,#ffffff
5fc17afe56d8113424306666,63,5,#ffffff
5fc17afe56d8113424306667,64,5,#ffffff
5fc17afe56d8113424306668,65,5,#ffffff
5fc17afe56d8113424306437,9,0,#a860c3
5fc17afe56d8113424306669,66,5,#ffffff
5fc17afe56d811342430666a,67,5,#ffffff
5fc17afe56d811342430666b,68,5,#ffffff
5fc17afe56d811342430666c,69,5,#ffffff
5fc17afe56d811342430666d,70,5,#ffffff
5fc17afe56d811342430666e,71,5,#ffffff
5fc17afe56d811342430666f,72,5,#ffffff
5fc17afe56d8113424306670,73,5,#ffffff
5fc17afe56d8113424306671,74,5,#ffffff
5fc17afe56d8113424306672,75,5,#ffffff
5fc17afe56d8113424306673,76,5,#ffffff
5fc17afe56d8113424306674,77,5,#ffffff
5fc17afe56d8113424306675,78,5,#ffffff
5fc17afe56d8113424306676,79,5,#ffffff
5fc17afe56d8113424306677,80,5,#ffffff
5fc17afe56d8113424306678,81,5,#ffffff
5fc17afe56d8113424306679,82,5,#ffffff
5fc17afe56d811342430667a,83,5,#ffffff
5fc17afe56d811342430667b,84,5,#ffffff
5fc17afe56d811342430667c,85,5,#ffffff
5fc17afe56d811342430667d,86,5,#ffffff
5fc17afe56d811342430667e,87,5,#ffffff
5fc17afe56d811342430667f,88,5,#ffffff
5fc17afe56d8113424306680,89,5,#ffffff
5fc17afe56d8113424306681,90,5,#ffffff
5fc17afe56d8113424306682,91,5,#ffffff
5fc17afe56d8113424306683,92,5,#ffffff
5fc17afe56d8113424306684,93,5,#ffffff
5fc17afe56d8113424306685,94,5,#ffffff
5fc17afe56d8113424306686,95,5,#ffffff
5fc17afe56d8113424306687,96,5,#ffffff
5fc17afe56d8113424306688,97,5,#ffffff
5fc17afe56d8113424306689,98,5,#ffffff
5fc17afe56d811342430668a,99,5,#ffffff
5fc17afe56d811342430668b,100,5,#ffffff
5fc17afe56d811342430668c,0,6,#a862c3
5fc17afe56d811342430668d,1,6,#ffffff
5fc17afe56d811342430668e,2,6,#ffffff
5fc17afe56d811342430668f,3,6,#ffffff
5fc17afe56d8113424306690,4,6,#a862c3
5fc17afe56d8113424306691,5,6,#ffffff
5fc17afe56d8113424306692,6,6,#ffffff
5fc17afe56d8113424306693,7,6,#ffffff
5fc17afe56d8113424306694,8,6,#a862c3
5fc17afe56d8113424306695,9,6,#ffffff
5fc17afe56d8113424306696,10,6,#ffffff
5fc17afe56d8113424306697,11,6,#ffffff
5fc17afe56d8113424306698,12,6,#ffffff
5fc17afe56d8113424306699,13,6,#ffffff
5fc17afe56d811342430669a,14,6,#000000
5fc17afe56d811342430669b,15,6,#ffffff
5fc17afe56d811342430669c,16,6,#ffffff
5fc17afe56d811342430669d,17,6,#ffffff
5fc17afe56d811342430669e,18,6,#ffffff
5fc17afe56d811342430669f,19,6,#ffffff
5fc17afe56d81134243066a0,20,6,#ffffff
5fc17afe56d81134243066a1,21,6,#ffffff
5fc17afe56d81134243066a2,22,6,#a862c3
5fc17afe56d81134243066a3,23,6,#a862c3
5fc17afe56d81134243066a4,24,6,#ffffff
5fc17afe56d81134243066a5,25,6,#ffffff
5fc17afe56d81134243066a6,26,6,#ffffff
5fc17afe56d81134243066a7,27,6,#ffffff
5fc17afe56d81134243066a8,28,6,#ffffff
5fc17afe56d81134243066a9,29,6,#ffffff
5fc17afe56d81134243066aa,30,6,#ffffff
5fc17afe56d81134243066ab,31,6,#ffffff
5fc17afe56d81134243066ac,32,6,#ffffff
5fc17afe56d81134243066ad,33,6,#ffffff
5fc17afe56d81134243066ae,34,6,#ffffff
5fc17afe56d81134243066af,35,6,#ffffff
5fc17afe56d81134243066b0,36,6,#ffffff
5fc17afe56d81134243066b1,37,6,#ffffff
5fc17afe56d81134243066b2,38,6,#ffffff
5fc17afe56d81134243066b3,39,6,#ffffff
5fc17afe56d81134243066b4,40,6,#ffffff
5fc17afe56d81134243066b5,41,6,#ffffff
5fc17afe56d81134243066b6,42,6,#ffffff
5fc17afe56d81134243066b7,43,6,#ffffff
5fc17afe56d81134243066b8,44,6,#ffffff
5fc17afe56d81134243066b9,45,6,#ffffff
5fc17afe56d81134243066ba,46,6,#ffffff
5fc17afe56d81134243066bb,47,6,#ffffff
5fc17afe56d81134243066bc,48,6,#ffffff
5fc17afe56d81134243066bd,49,6,#ffffff
5fc17afe56d81134243066be,50,6,#ffffff
5fc17afe56d81134243066bf,51,6,#ffffff
5fc17afe56d81134243066c0,52,6,#ffffff
5fc17afe56d81134243066c1,53,6,#ffffff
5fc17afe56d81134243066c2,54,6,#ffffff
5fc17afe56d81134243066c3,55,6,#ffffff
5fc17afe56d81134243066c4,56,6,#ffffff
5fc17afe56d81134243066c5,57,6,#ffffff
5fc17afe56d81134243066c6,58,6,#ffffff
5fc17afe56d81134243066c7,59,6,#ffffff
5fc17afe56d81134243066c8,60,6,#ffffff
5fc17afe56d81134243066c9,61,6,#ffffff
5fc17afe56d81134243066ca,62,6,#ffffff
5fc17afe56d81134243066cb,63,6,#ffffff
5fc17afe56d81134243066cc,64,6,#ffffff
5fc17afe56d81134243066cd,65,6,#ffffff
5fc17afe56d81134243066ce,66,6,#ffffff
5fc17afe56d81134243066cf,67,6,#ffffff
5fc17afe56d81134243066d0,68,6,#ffffff
5fc17afe56d81134243066d1,69,6,#ffffff
5fc17afe56d81134243066d2,70,6,#ffffff
5fc17afe56d81134243066d3,71,6,#ffffff
5fc17afe56d81134243066d4,72,6,#ffffff
5fc17afe56d81134243066d5,73,6,#ffffff
5fc17afe56d81134243066d6,74,6,#ffffff
5fc17afe56d81134243066d7,75,6,#ffffff
5fc17afe56d81134243066d8,76,6,#ffffff
5fc17afe56d81134243066d9,77,6,#ffffff
5fc17afe56d81134243066da,78,6,#ffffff
5fc17afe56d81134243066db,79,6,#ffffff
5fc17afe56d81134243066dc,80,6,#ffffff
5fc17afe56d81134243066dd,81,6,#ffffff
5fc17afe56d81134243066de,82,6,#ffffff
5fc17afe56d81134243066df,83,6,#ffffff
5fc17afe56d81134243066e0,84,6,#ffffff
5fc17afe56d81134243066e1,85,6,#ffffff
5fc17afe56d81134243066e2,86,6,#ffffff
5fc17afe56d81134243066e3,87,6,#ffffff
5fc17afe56d81134243066e4,88,6,#ffffff
5fc17afe56d81134243066e5,89,6,#ffffff
5fc17afe56d81134243066e6,90,6,#ffffff
5fc17afe56d81134243066e7,91,6,#ffffff
5fc17afe56d81134243066e8,92,6,#ffffff
5fc17afe56d81134243066e9,93,6,#ffffff
5fc17afe56d81134243066ea,94,6,#ffffff
5fc17afe56d81134243066eb,95,6,#ffffff
5fc17afe56d81134243066ec,96,6,#ffffff
5fc17afe56d81134243066ed,97,6,#ffffff
5fc17afe56d81134243066ee,98,6,#ffffff
5fc17afe56d81134243066ef,99,6,#ffffff
5fc17afe56d81134243066f0,100,6,#ffffff
5fc17afe56d81134243066f1,0,7,#a862c3
5fc17afe56d81134243066f2,1,7,#ffffff
5fc17afe56d81134243066f3,2,7,#ffffff
5fc17afe56d81134243066f4,3,7,#ffffff
5fc17afe56d81134243066f5,4,7,#a862c3
5fc17afe56d81134243066f6,5,7,#f5dbff
5fc17afe56d81134243066f7,6,7,#f5dbff
5fc17afe56d81134243066f8,7,7,#ffffff
5fc17afe56d81134243066f9,8,7,#a862c3
5fc17afe56d81134243066fa,9,7,#ffffff
5fc17afe56d81134243066fb,10,7,#ffffff
5fc17afe56d81134243066fc,11,7,#ffffff
5fc17afe56d81134243066fd,12,7,#ffffff
5fc17afe56d81134243066fe,13,7,#ffffff
5fc17afe56d81134243066ff,14,7,#000000
5fc17afe56d8113424306700,15,7,#ffffff
5fc17afe56d8113424306701,16,7,#ffffff
5fc17afe56d8113424306702,17,7,#ffffff
5fc17afe56d8113424306703,18,7,#ffffff
5fc17afe56d8113424306704,19,7,#ffffff
5fc17afe56d8113424306705,20,7,#ffffff
5fc17afe56d8113424306706,21,7,#ffffff
5fc17afe56d8113424306707,22,7,#a862c3
5fc17afe56d8113424306708,23,7,#a862c3
5fc17afe56d8113424306709,24,7,#ffffff
5fc17afe56d811342430670a,25,7,#ffffff
5fc17afe56d811342430670b,26,7,#a862c3
5fc17afe56d811342430670c,27,7,#ffffff
5fc17afe56d811342430670d,28,7,#ffffff
5fc17afe56d811342430670e,29,7,#ffffff
5fc17afe56d811342430670f,30,7,#ffffff
5fc17afe56d8113424306710,31,7,#ffffff
5fc17afe56d8113424306711,32,7,#ffffff
5fc17afe56d8113424306712,33,7,#ffffff
5fc17afe56d8113424306713,34,7,#ffffff
5fc17afe56d8113424306714,35,7,#ffffff
5fc17afe56d8113424306715,36,7,#ffffff
5fc17afe56d8113424306716,37,7,#ffffff
5fc17afe56d8113424306717,38,7,#ffffff
5fc17afe56d8113424306718,39,7,#ffffff
5fc17afe56d8113424306719,40,7,#ffffff
5fc17afe56d811342430671a,41,7,#ffffff
5fc17afe56d811342430671b,42,7,#ffffff
5fc17afe56d811342430671c,43,7,#ffffff
5fc17afe56d811342430671d,44,7,#ffffff
5fc17afe56d811342430671e,45,7,#ffffff
5fc17afe56d811342430671f,46,7,#ffffff
5fc17afe56d8113424306720,47,7,#ffffff
5fc17afe56d8113424306721,48,7,#ffffff
5fc17afe56d8113424306722,49,7,#ffffff
5fc17afe56d8113424306723,50,7,#ffffff
5fc17afe56d8113424306724,51,7,#ffffff
5fc17afe56d8113424306725,52,7,#ffffff
5fc17afe56d8113424306726,53,7,#ffffff
5fc17afe56d8113424306727,54,7,#ffffff
5fc17afe56d8113424306728,55,7,#ffffff
5fc17afe56d8113424306729,56,7,#ffffff
5fc17afe56d811342430672a,57,7,#ffffff
5fc17afe56d811342430672b,58,7,#ffffff
5fc17afe56d811342430672c,59,7,#ffffff
5fc17afe56d811342430672d,60,7,#ffffff
5fc17afe56d811342430672e,61,7,#ffffff
5fc17afe56d811342430672f,62,7,#ffffff
5fc17afe56d8113424306730,63,7,#ffffff
5fc17afe56d8113424306731,64,7,#ffffff
5fc17afe56d8113424306732,65,7,#ffffff
5fc17afe56d8113424306733,66,7,#ffffff
5fc17afe56d8113424306734,67,7,#ffffff
5fc17afe56d8113424306735,68,7,#ffffff
5fc17afe56d8113424306736,69,7,#ffffff
5fc17afe56d8113424306737,70,7,#ffffff
5fc17afe56d8113424306738,71,7,#ffffff
5fc17afe56d8113424306739,72,7,#ffffff
5fc17afe56d811342430673a,73,7,#ffffff
5fc17afe56d811342430673b,74,7,#ffffff
5fc17afe56d811342430673c,75,7,#ffffff
5fc17afe56d811342430673d,76,7,#ffffff
5fc17afe56d811342430673e,77,7,#ffffff
5fc17afe56d811342430673f,78,7,#ffffff
5fc17afe56d8113424306740,79,7,#ffffff
5fc17afe56d8113424306741,80,7,#ffffff
5fc17afe56d8113424306742,81,7,#ffffff
5fc17afe56d8113424306743,82,7,#ffffff
5fc17afe56d8113424306744,83,7,#ffffff
5fc17afe56d8113424306745,84,7,#ffffff
5fc17afe56d8113424306746,85,7,#ffffff
5fc17afe56d8113424306747,86,7,#ffffff
5fc17afe56d8113424306748,87,7,#ffffff
5fc17afe56d8113424306749,88,7,#ffffff
5fc17afe56d811342430674a,89,7,#ffffff
5fc17afe56d811342430674b,90,7,#ffffff
5fc17afe56d811342430674c,91,7,#ffffff
5fc17afe56d811342430674d,92,7,#ffffff
5fc17afe56d811342430674e,93,7,#ffffff
5fc17afe56d811342430674f,94,7,#ffffff
5fc17afe56d8113424306750,95,7,#ffffff
5fc17afe56d8113424306751,96,7,#ffffff
5fc17afe56d8113424306752,97,7,#ffffff
5fc17afe56d8113424306753,98,7,#ffffff
5fc17afe56d8113424306754,99,7,#ffffff
5fc17afe56d8113424306755,100,7,#ffffff
5fc17afe56d8113424306756,0,8,#a862c3
5fc17afe56d8113424306757,1,8,#ffffff
5fc17afe56d8113424306758,2,8,#ffffff
5fc17afe56d8113424306759,3,8,#ffffff
5fc17afe56d811342430675a,4,8,#a862c3
5fc17afe56d811342430675b,5,8,#ffffff
5fc17afe56d811342430675c,6,8,#ffffff
5fc17afe56d811342430675d,7,8,#ffffff
5fc17afe56d811342430675e,8,8,#ffffff
5fc17afe56d811342430675f,9,8,#ffffff
5fc17afe56d8113424306760,10,8,#ffffff
5fc17afe56d8113424306761,11,8,#ffffff
5fc17afe56d8113424306762,12,8,#ffffff
5fc17afe56d8113424306763,13,8,#ffffff
5fc17afe56d8113424306764,14,8,#000000
5fc17afe56d8113424306765,15,8,#ffffff
5fc17afe56d8113424306766,16,8,#ffffff
5fc17afe56d8113424306767,17,8,#ffffff
5fc17afe56d8113424306768,18,8,#ffffff
5fc17afe56d8113424306769,19,8,#ffffff
5fc17afe56d811342430676a,20,8,#ffffff
5fc17afe56d811342430676b,21,8,#ffffff
5fc17afe56d811342430676c,22,8,#a862c3
5fc17afe56d811342430676d,23,8,#a862c3
5fc17afe56d811342430676e,24,8,#ffffff
5fc17afe56d811342430676f,25,8,#ffffff
5fc17afe56d8113424306770,26,8,#a862c3
5fc17afe56d8113424306771,27,8,#ffffff
5fc17afe56d8113424306772,28,8,#ffffff
5fc17afe56d8113424306773,29,8,#ffffff
5fc17afe56d8113424306774,30,8,#ffffff
5fc17afe56d8113424306775,31,8,#ffffff
5fc17afe56d8113424306776,32,8,#ffffff
5fc17afe56d8113424306777,33,8,#ffffff
5fc17afe56d8113424306778,34,8,#ffffff
5fc17afe56d8113424306779,35,8,#ffffff
5fc17afe56d811342430677a,36,8,#ffffff
5fc17afe56d811342430677b,37,8,#ffffff
5fc17afe56d811342430677c,38,8,#ffffff
5fc17afe56d811342430677d,39,8,#ffffff
5fc17afe56d811342430677e,40,8,#ffffff
5fc17afe56d811342430677f,41,8,#ffffff
5fc17afe56d8113424306780,42,8,#ffffff
5fc17afe56d8113424306781,43,8,#ffffff
5fc17afe56d8113424306782,44,8,#ffffff
5fc17afe56d8113424306783,45,8,#ffffff
5fc17afe56d8113424306784,46,8,#ffffff
5fc17afe56d8113424306785,47,8,#ffffff
5fc17afe56d8113424306786,48,8,#ffffff
5fc17afe56d8113424306787,49,8,#ffffff
5fc17afe56d8113424306788,50,8,#ffffff
5fc17afe56d8113424306789,51,8,#ffffff
5fc17afe56d811342430678a,52,8,#ffffff
5fc17afe56d811342430678b,53,8,#ffffff
5fc17afe56d811342430678c,54,8,#ffffff
5fc17afe56d811342430678d,55,8,#ffffff
5fc17afe56d811342430678e,56,8,#ffffff
5fc17afe56d811342430678f,57,8,#ffffff
5fc17afe56d8113424306790,58,8,#ffffff
5fc17afe56d8113424306791,59,8,#ffffff
5fc17afe56d8113424306792,60,8,#ffffff
5fc17afe56d8113424306793,61,8,#ffffff
5fc17afe56d8113424306794,62,8,#ffffff
5fc17afe56d8113424306795,63,8,#ffffff
5fc17afe56d8113424306796,64,8,#ffffff
5fc17afe56d8113424306797,65,8,#ffffff
5fc17afe56d8113424306798,66,8,#ffffff
5fc17afe56d8113424306799,67,8,#ffffff
5fc17afe56d811342430679a,68,8,#ffffff
5fc17afe56d811342430679b,69,8,#ffffff
5fc17afe56d811342430679c,70,8,#ffffff
5fc17afe56d811342430679d,71,8,#ffffff
5fc17afe56d811342430679e,72,8,#ffffff
5fc17afe56d811342430679f,73,8,#ffffff
5fc17afe56d81134243067a0,74,8,#ffffff
5fc17afe56d81134243067a1,75,8,#ffffff
5fc17afe56d81134243067a2,76,8,#ffffff
5fc17afe56d81134243067a3,77,8,#ffffff
5fc17afe56d81134243067a4,78,8,#ffffff
5fc17afe56d81134243067a5,79,8,#ffffff
5fc17afe56d81134243067a6,80,8,#ffffff
5fc17afe56d81134243067a7,81,8,#ffffff
5fc17afe56d81134243067a8,82,8,#ffffff
5fc17afe56d81134243067a9,83,8,#ffffff
5fc17afe56d81134243067aa,84,8,#ffffff
5fc17afe56d81134243067ab,85,8,#ffffff
5fc17afe56d81134243067ac,86,8,#ffffff
5fc17afe56d81134243067ad,87,8,#ffffff
5fc17afe56d81134243067ae,88,8,#ffffff
5fc17afe56d81134243067af,89,8,#ffffff
5fc17afe56d81134243067b0,90,8,#ffffff
5fc17afe56d81134243067b1,91,8,#ffffff
5fc17afe56d81134243067b2,92,8,#ffffff
5fc17afe56d81134243067b3,93,8,#ffffff
5fc17afe56d81134243067b4,94,8,#ffffff
5fc17afe56d81134243067b5,95,8,#ffffff
5fc17afe56d81134243067b6,96,8,#ffffff
5fc17afe56d81134243067b7,97,8,#ffffff
5fc17afe56d81134243067b8,98,8,#ffffff
5fc17afe56d81134243067b9,99,8,#ffffff
5fc17afe56d81134243067ba,100,8,#ffffff
5fc17afe56d81134243067bb,0,9,#a862c3
5fc17afe56d81134243067bc,1,9,#ffffff
5fc17afe56d81134243067bd,2,9,#ffffff
5fc17afe56d81134243067be,3,9,#ffffff
5fc17afe56d81134243067bf,4,9,#ffffff
5fc17afe56d81134243067c0,5,9,#ffffff
5fc17afe56d81134243067c1,6,9,#ffffff
5fc17afe56d81134243067c2,7,9,#ffffff
5fc17afe56d81134243067c3,8,9,#ffffff
5fc17afe56d81134243067c4,9,9,#ffffff
5fc17afe56d81134243067c5,10,9,#ffffff
5fc17afe56d81134243067c6,11,9,#ffffff
5fc17afe56d81134243067c7,12,9,#ffffff
5fc17afe56d81134243067c8,13,9,#ffffff
5fc17afe56d81134243067c9,14,9,#000000
5fc17afe56d81134243067ca,15,9,#ffffff
5fc17afe56d81134243067cb,16,9,#ffffff
5fc17afe56d81134243067cc,17,9,#ffffff
5fc17afe56d81134243067cd,18,9,#ffffff
5fc17afe56d81134243067ce,19,9,#ffffff
5fc17afe56d81134243067cf,20,9,#ffffff
5fc17afe56d81134243067d0,21,9,#ffffff
5fc17afe56d81134243067d1,22,9,#ffffff
5fc17afe56d81134243067d2,23,9,#a862c3
5fc17afe56d81134243067d3,24,9,#ffffff
5fc17afe56d81134243067d4,25,9,#ffffff
5fc17afe56d81134243067d5,26,9,#a862c3
5fc17afe56d81134243067d6,27,9,#ffffff
5fc17afe56d81134243067d7,28,9,#ffffff
5fc17afe56d81134243067d8,29,9,#ffffff
5fc17afe56d81134243067d9,30,9,#ffffff
5fc17afe56d81134243067da,31,9,#ffffff
5fc17afe56d81134243067db,32,9,#ffffff
5fc17afe56d81134243067dc,33,9,#ffffff
5fc17afe56d81134243067dd,34,9,#ffffff
5fc17afe56d81134243067de,35,9,#ffffff
5fc17afe56d81134243067df,36,9,#ffffff
5fc17afe56d81134243067e0,37,9,#ffffff
5fc17afe56d81134243067e1,38,9,#ffffff
5fc17afe56d81134243067e2,39,9,#ffffff
5fc17afe56d81134243067e3,40,9,#ffffff
5fc17afe56d81134243067e4,41,9,#ffffff
5fc17afe56d81134243067e5,42,9,#ffffff
5fc17afe56d81134243067e6,43,9,#ffffff
5fc17afe56d81134243067e7,44,9,#ffffff
5fc17afe56d81134243067e8,45,9,#ffffff
5fc17afe56d81134243067e9,46,9,#ffffff
5fc17afe56d81134243067ea,47,9,#ffffff
5fc17afe56d81134243067eb,48,9,#ffffff
5fc17afe56d81134243067ec,49,9,#ffffff
5fc17afe56d81134243067ed,50,9,#ffffff
5fc17afe56d81134243067ee,51,9,#ffffff
5fc17afe56d81134243067ef,52,9,#ffffff
5fc17afe56d81134243067f0,53,9,#ffffff
5fc17afe56d81134243067f1,54,9,#ffffff
5fc17afe56d81134243067f2,55,9,#ffffff
5fc17afe56d81134243067f3,56,9,#ffffff
5fc17afe56d81134243067f4,57,9,#ffffff
5fc17afe56d81134243067f5,58,9,#ffffff
5fc17afe56d81134243067f6,59,9,#ffffff
5fc17afe56d81134243067f7,60,9,#ffffff
5fc17afe56d81134243067f8,61,9,#ffffff
5fc17afe56d81134243067f9,62,9,#ffffff
5fc17afe56d81134243067fa,63,9,#ffffff
5fc17afe56d81134243067fb,64,9,#ffffff
5fc17afe56d81134243067fc,65,9,#ffffff
5fc17afe56d81134243067fd,66,9,#ffffff
5fc17afe56d81134243067fe,67,9,#ffffff
5fc17afe56d81134243067ff,68,9,#ffffff
5fc17afe56d8113424306800,69,9,#ffffff
5fc17afe56d8113424306801,70,9,#ffffff
5fc17afe56d8113424306802,71,9,#ffffff
5fc17afe56d8113424306803,72,9,#ffffff
5fc17afe56d8113424306804,73,9,#ffffff
5fc17afe56d8113424306805,74,9,#ffffff
5fc17afe56d8113424306806,75,9,#ffffff
5fc17afe56d8113424306807,76,9,#ffffff
5fc17afe56d8113424306808,77,9,#ffffff
5fc17afe56d8113424306809,78,9,#ffffff
5fc17afe56d811342430680a,79,9,#ffffff
5fc17afe56d811342430680b,80,9,#ffffff
5fc17afe56d811342430680c,81,9,#ffffff
5fc17afe56d811342430680d,82,9,#ffffff
5fc17afe56d811342430680e,83,9,#ffffff
5fc17afe56d811342430680f,84,9,#ffffff
5fc17afe56d8113424306810,85,9,#ffffff
5fc17afe56d8113424306811,86,9,#ffffff
5fc17afe56d8113424306812,87,9,#ffffff
5fc17afe56d8113424306813,88,9,#ffffff
5fc17afe56d8113424306814,89,9,#ffffff
5fc17afe56d8113424306815,90,9,#ffffff
5fc17afe56d8113424306816,91,9,#ffffff
5fc17afe56d8113424306817,92,9,#ffffff
5fc17afe56d8113424306818,93,9,#ffffff
5fc17afe56d8113424306819,94,9,#ffffff
5fc17afe56d811342430681a,95,9,#ffffff
5fc17afe56d811342430681b,96,9,#ffffff
5fc17afe56d811342430681c,97,9,#ffffff
5fc17afe56d811342430681d,98,9,#ffffff
5fc17afe56d811342430681e,99,9,#ffffff
5fc17afe56d811342430681f,100,9,#ffffff
5fc17afe56d8113424306820,0,10,#a862c3
5fc17afe56d8113424306821,1,10,#ffffff
5fc17afe56d8113424306822,2,10,#ffffff
5fc17afe56d8113424306823,3,10,#ffffff
5fc17afe56d8113424306824,4,10,#ffffff
5fc17afe56d8113424306825,5,10,#ffffff
5fc17afe56d8113424306826,6,10,#ffffff
5fc17afe56d8113424306827,7,10,#ffffff
5fc17afe56d8113424306828,8,10,#ffffff
5fc17afe56d8113424306829,9,10,#ffffff
5fc17afe56d811342430682a,10,10,#000000
5fc17afe56d811342430682b,11,10,#000000
5fc17afe56d811342430682c,12,10,#000000
5fc17afe56d811342430682d,13,10,#000000
5fc17afe56d811342430682e,14,10,#000000
5fc17afe56d811342430682f,15,10,#000000
5fc17afe56d8113424306830,16,10,#000000
5fc17afe56d8113424306831,17,10,#000000
5fc17afe56d8113424306832,18,10,#000000
5fc17afe56d8113424306833,19,10,#ffffff
5fc17afe56d8113424306834,20,10,#ffffff
5fc17afe56d8113424306835,21,10,#ffffff
5fc17afe56d8113424306836,22,10,#ffffff
5fc17afe56d8113424306837,23,10,#a862c3
5fc17afe56d8113424306838,24,10,#ffffff
5fc17afe56d8113424306839,25,10,#ffffff
5fc17afe56d811342430683a,26,10,#a862c3
5fc17afe56d811342430683b,27,10,#a862c3
5fc17afe56d811342430683c,28,10,#ffffff
5fc17afe56d811342430683d,29,10,#ffffff
5fc17afe56d811342430683e,30,10,#ffffff
5fc17afe56d811342430683f,31,10,#ffffff
5fc17afe56d8113424306840,32,10,#ffffff
5fc17afe56d8113424306841,33,10,#ffffff
5fc17afe56d8113424306842,34,10,#ffffff
5fc17afe56d8113424306843,35,10,#ffffff
5fc17afe56d8113424306844,36,10,#ffffff
5fc17afe56d8113424306845,37,10,#ffffff
5fc17afe56d8113424306846,38,10,#ffffff
5fc17afe56d8113424306847,39,10,#ffffff
5fc17afe56d8113424306848,40,10,#ffffff
5fc17afe56d8113424306849,41,10,#ffffff
5fc17afe56d811342430684a,42,10,#ffffff
5fc17afe56d811342430684b,43,10,#ffffff
5fc17afe56d811342430684c,44,10,#ffffff
5fc17afe56d811342430684d,45,10,#ffffff
5fc17afe56d811342430684e,46,10,#ffffff
5fc17afe56d811342430684f,47,10,#ffffff
5fc17afe56d8113424306850,48,10,#ffffff
5fc17afe56d8113424306851,49,10,#ffffff
5fc17afe56d8113424306852,50,10,#ffffff
5fc17afe56d8113424306853,51,10,#ffffff
5fc17afe56d8113424306854,52,10,#ffffff
5fc17afe56d8113424306855,53,10,#ffffff
5fc17afe56d8113424306856,54,10,#ffffff
5fc17afe56d8113424306857,55,10,#ffffff
5fc17afe56d8113424306858,56,10,#ffffff
5fc17afe56d8113424306859,57,10,#ffffff
5fc17afe56d811342430685a,58,10,#ffffff
5fc17afe56d811342430685b,59,10,#ffffff
5fc17afe56d811342430685c,60,10,#ffffff
5fc17afe56d811342430685d,61,10,#ffffff
5fc17afe56d811342430685e,62,10,#ffffff
5fc17afe56d811342430685f,63,10,#ffffff
5fc17afe56d8113424306860,64,10,#ffffff
5fc17afe56d8113424306861,65,10,#ffffff
5fc17afe56d8113424306862,66,10,#ffffff
5fc17afe56d8113424306863,67,10,#ffffff
5fc17afe56d8113424306864,68,10,#ffffff
5fc17afe56d8113424306865,69,10,#ffffff
5fc17afe56d8113424306866,70,10,#ffffff
5fc17afe56d8113424306867,71,10,#ffffff
5fc17afe56d8113424306868,72,10,#ffffff
5fc17afe56d8113424306869,73,10,#ffffff
5fc17afe56d811342430686a,74,10,#ffffff
5fc17afe56d811342430686b,75,10,#ffffff
5fc17afe56d811342430686c,76,10,#ffffff
5fc17afe56d811342430686d,77,10,#ffffff
5fc17afe56d811342430686e,78,10,#ffffff
5fc17afe56d811342430686f,79,10,#ffffff
5fc17afe56d8113424306870,80,10,#ffffff
5fc17afe56d8113424306871,81,10,#ffffff
5fc17afe56d8113424306872,82,10,#ffffff
5fc17afe56d8113424306873,83,10,#ffffff
5fc17afe56d8113424306874,84,10,#ffffff
5fc17afe56d8113424306875,85,10,#ffffff
5fc17afe56d8113424306876,86,10,#ffffff
5fc17afe56d8113424306877,87,10,#ffffff
5fc17afe56d8113424306878,88,10,#ffffff
5fc17afe56d8113424306879,89,10,#ffffff
5fc17afe56d811342430687a,90,10,#ffffff
5fc17afe56d811342430687b,91,10,#ffffff
5fc17afe56d811342430687c,92,10,#ffffff
5fc17afe56d811342430687d,93,10,#ffffff
5fc17afe56d811342430687e,94,10,#ffffff
5fc17afe56d811342430687f,95,10,#ffffff
5fc17afe56d8113424306880,96,10,#ffffff
5fc17afe56d8113424306881,97,10,#ffffff
5fc17afe56d8113424306882,98,10,#ffffff
5fc17afe56d8113424306883,99,10,#ffffff
5fc17afe56d8113424306884,100,10,#ffffff
5fc17afe56d8113424306885,0,11,#ffffff
5fc17afe56d8113424306886,1,11,#ffffff
5fc17afe56d8113424306887,2,11,#ffffff
5fc17afe56d8113424306888,3,11,#ffffff
5fc17afe56d8113424306889,4,11,#ffffff
5fc17afe56d811342430688a,5,11,#ffffff
5fc17afe56d811342430688b,6,11,#ffffff
5fc17afe56d811342430688c,7,11,#ffffff
5fc17afe56d811342430688d,8,11,#ffffff
5fc17afe56d811342430688e,9,11,#ffffff
5fc17afe56d811342430688f,10,11,#ffffff
5fc17afe56d8113424306890,11,11,#ffffff
5fc17afe56d8113424306891,12,11,#ffffff
5fc17afe56d8113424306892,13,11,#ffffff
5fc17afe56d8113424306893,14,11,#000000
5fc17afe56d8113424306894,15,11,#ffffff
5fc17afe56d8113424306895,16,11,#ffffff
5fc17afe56d8113424306896,17,11,#ffffff
5fc17afe56d8113424306897,18,11,#ffffff
5fc17afe56d8113424306898,19,11,#ffffff
5fc17afe56d8113424306899,20,11,#ffffff
5fc17afe56d811342430689a,21,11,#ffffff
5fc17afe56d811342430689b,22,11,#ffffff
5fc17afe56d811342430689c,23,11,#a862c3
5fc17afe56d811342430689d,24,11,#ffffff
5fc17afe56d811342430689e,25,11,#f6e0ff
5fc17afe56d811342430689f,26,11,#a862c3
5fc17afe56d81134243068a0,27,11,#a862c3
5fc17afe56d81134243068a1,28,11,#ffffff
5fc17afe56d81134243068a2,29,11,#ffffff
5fc17afe56d81134243068a3,30,11,#ffffff
5fc17afe56d81134243068a4,31,11,#ffffff
5fc17afe56d81134243068a5,32,11,#ffffff
5fc17afe56d81134243068a6,33,11,#ffffff
5fc17afe56d81134243068a7,34,11,#ffffff
5fc17afe56d81134243068a8,35,11,#ffffff
5fc17afe56d81134243068a9,36,11,#ffffff
5fc17afe56d81134243068aa,37,11,#ffffff
5fc17afe56d81134243068ab,38,11,#ffffff
5fc17afe56d81134243068ac,39,11,#ffffff
5fc17afe56d81134243068ad,40,11,#ffffff
5fc17afe56d81134243068ae,41,11,#ffffff
5fc17afe56d81134243068af,42,11,#ffffff
5fc17afe56d81134243068b0,43,11,#ffffff
5fc17afe56d81134243068b1,44,11,#ffffff
5fc17afe56d81134243068b2,45,11,#ffffff
5fc17afe56d81134243068b3,46,11,#ffffff
5fc17afe56d81134243068b4,47,11,#ffffff
5fc17afe56d81134243068b5,48,11,#ffffff
5fc17afe56d81134243068b6,49,11,#ffffff
5fc17afe56d81134243068b7,50,11,#ffffff
5fc17afe56d81134243068b8,51,11,#ffffff
5fc17afe56d81134243068b9,52,11,#ffffff
5fc17afe56d81134243068ba,53,11,#ffffff
5fc17afe56d81134243068bb,54,11,#ffffff
5fc17afe56d81134243068bc,55,11,#ffffff
5fc17afe56d81134243068bd,56,11,#ffffff
5fc17afe56d81134243068be,57,11,#ffffff
5fc17afe56d81134243068bf,58,11,#ffffff
5fc17afe56d81134243068c0,59,11,#ffffff
5fc17afe56d81134243068c1,60,11,#ffffff
5fc17afe56d81134243068c2,61,11,#ffffff
5fc17afe56d81134243068c3,62,11,#ffffff
5fc17afe56d81134243068c4,63,11,#ffffff
5fc17afe56d81134243068c5,64,11,#ffffff
5fc17afe56d81134243068c6,65,11,#ffffff
5fc17afe56d81134243068c7,66,11,#ffffff
5fc17afe56d81134243068c8,67,11,#ffffff
5fc17afe56d81134243068c9,68,11,#ffffff
5fc17afe56d81134243068ca,69,11,#ffffff
5fc17afe56d81134243068cb,70,11,#ffffff
5fc17afe56d81134243068cc,71,11,#ffffff
5fc17afe56d81134243068cd,72,11,#ffffff
5fc17afe56d81134243068ce,73,11,#ffffff
5fc17afe56d81134243068cf,74,11,#ffffff
5fc17afe56d81134243068d0,75,11,#ffffff
5fc17afe56d81134243068d1,76,11,#ffffff
5fc17afe56d81134243068d2,77,11,#ffffff
5fc17afe56d81134243068d3,78,11,#ffffff
5fc17afe56d81134243068d4,79,11,#ffffff
5fc17afe56d81134243068d5,80,11,#ffffff
5fc17afe56d81134243068d6,81,11,#ffffff
5fc17afe56d81134243068d7,82,11,#ffffff
5fc17afe56d81134243068d8,83,11,#ffffff
5fc17afe56d81134243068d9,84,11,#ffffff
5fc17afe56d81134243068da,85,11,#ffffff
5fc17afe56d81134243068db,86,11,#ffffff
5fc17afe56d81134243068dc,87,11,#ffffff
5fc17afe56d81134243068dd,88,11,#ffffff
5fc17afe56d81134243068de,89,11,#ffffff
5fc17afe56d81134243068df,90,11,#ffffff
5fc17afe56d81134243068e0,91,11,#ffffff
5fc17afe56d81134243068e1,92,11,#ffffff
5fc17afe56d81134243068e2,93,11,#ffffff
5fc17afe56d81134243068e3,94,11,#ffffff
5fc17afe56d81134243068e4,95,11,#ffffff
5fc17afe56d81134243068e5,96,11,#ffffff
5fc17afe56d81134243068e6,97,11,#ffffff
5fc17afe56d81134243068e7,98,11,#ffffff
5fc17afe56d81134243068e8,99,11,#ffffff
5fc17afe56d81134243068e9,100,11,#ffffff
5fc17afe56d81134243068ea,0,12,#ffffff
5fc17afe56d81134243068eb,1,12,#ffffff
5fc17afe56d81134243068ec,2,12,#ffffff
5fc17afe56d81134243068ed,3,12,#ffffff
5fc17afe56d81134243068ee,4,12,#ffffff
5fc17afe56d81134243068ef,5,12,#ffffff
5fc17afe56d81134243068f0,6,12,#ffffff
5fc17afe56d81134243068f1,7,12,#ffffff
5fc17afe56d81134243068f2,8,12,#ffffff
5fc17afe56d81134243068f3,9,12,#ffffff
5fc17afe56d81134243068f4,10,12,#ffffff
5fc17afe56d81134243068f5,11,12,#ffffff
5fc17afe56d81134243068f6,12,12,#ffffff
5fc17afe56d81134243068f7,13,12,#ffffff
5fc17afe56d81134243068f8,14,12,#000000
5fc17afe56d81134243068f9,15,12,#ffffff
5fc17afe56d81134243068fa,16,12,#ffffff
5fc17afe56d81134243068fb,17,12,#ffffff
5fc17afe56d81134243068fc,18,12,#ffffff
5fc17afe56d81134243068fd,19,12,#ffffff
5fc17afe56d81134243068fe,20,12,#ffffff
5fc17afe56d81134243068ff,21,12,#ffffff
5fc17afe56d8113424306900,22,12,#ffffff
5fc17afe56d8113424306901,23,12,#ffffff
5fc17afe56d8113424306902,24,12,#a862c3
5fc17afe56d8113424306903,25,12,#f6e0ff
5fc17afe56d8113424306904,26,12,#a862c3
5fc17afe56d8113424306905,27,12,#ffffff
5fc17afe56d8113424306906,28,12,#ffffff
5fc17afe56d8113424306907,29,12,#ffffff
5fc17afe56d8113424306908,30,12,#ffffff
5fc17afe56d8113424306909,31,12,#ffffff
5fc17afe56d811342430690a,32,12,#ffffff
5fc17afe56d811342430690b,33,12,#ffffff
5fc17afe56d811342430690c,34,12,#ffffff
5fc17afe56d811342430690d,35,12,#ffffff
5fc17afe56d811342430690e,36,12,#ffffff
5fc17afe56d811342430690f,37,12,#ffffff
5fc17afe56d8113424306910,38,12,#ffffff
5fc17afe56d8113424306911,39,12,#ffffff
5fc17afe56d8113424306912,40,12,#ffffff
5fc17afe56d8113424306913,41,12,#ffffff
5fc17afe56d8113424306914,42,12,#ffffff
5fc17afe56d8113424306915,43,12,#ffffff
5fc17afe56d8113424306916,44,12,#ffffff
5fc17afe56d8113424306917,45,12,#ffffff
5fc17afe56d8113424306918,46,12,#ffffff
5fc17afe56d8113424306919,47,12,#ffffff
5fc17afe56d811342430691a,48,12,#ffffff
5fc17afe56d811342430691b,49,12,#ffffff
5fc17afe56d811342430691c,50,12,#ffffff
5fc17afe56d811342430691d,51,12,#ffffff
5fc17afe56d811342430691e,52,12,#ffffff
5fc17afe56d811342430691f,53,12,#ffffff
5fc17afe56d8113424306920,54,12,#ffffff
5fc17afe56d8113424306921,55,12,#ffffff
5fc17afe56d8113424306922,56,12,#ffffff
5fc17afe56d8113424306923,57,12,#ffffff
5fc17afe56d8113424306924,58,12,#ffffff
5fc17afe56d8113424306925,59,12,#ffffff
5fc17afe56d8113424306926,60,12,#ffffff
5fc17afe56d8113424306927,61,12,#ffffff
5fc17afe56d8113424306928,62,12,#ffffff
5fc17afe56d8113424306929,63,12,#ffffff
5fc17afe56d811342430692a,64,12,#ffffff
5fc17afe56d811342430692b,65,12,#ffffff
5fc17afe56d811342430692c,66,12,#ffffff
5fc17afe56d811342430692d,67,12,#ffffff
5fc17afe56d811342430692e,68,12,#ffffff
5fc17afe56d811342430692f,69,12,#ffffff
5fc17afe56d8113424306930,70,12,#ffffff
5fc17afe56d8113424306931,71,12,#ffffff
5fc17afe56d8113424306932,72,12,#ffffff
5fc17afe56d8113424306933,73,12,#ffffff
5fc17afe56d8113424306934,74,12,#ffffff
5fc17afe56d8113424306935,75,12,#ffffff
5fc17afe56d8113424306936,76,12,#ffffff
5fc17afe56d8113424306937,77,12,#ffffff
5fc17afe56d8113424306938,78,12,#ffffff
5fc17afe56d8113424306939,79,12,#ffffff
5fc17afe56d811342430693a,80,12,#ffffff
5fc17afe56d811342430693b,81,12,#ffffff
5fc17afe56d811342430693c,82,12,#ffffff
5fc17afe56d811342430693d,83,12,#ffffff
5fc17afe56d811342430693e,84,12,#ffffff
5fc17afe56d811342430693f,85,12,#ffffff
5fc17afe56d8113424306940,86,12,#ffffff
5fc17afe56d8113424306941,87,12,#ffffff
5fc17afe56d8113424306942,88,12,#ffffff
5fc17afe56d8113424306943,89,12,#ffffff
5fc17afe56d8113424306944,90,12,#ffffff
5fc17afe56d8113424306945,91,12,#ffffff
5fc17afe56d8113424306946,92,12,#ffffff
5fc17afe56d8113424306947,93,12,#ffffff
5fc17afe56d8113424306948,94,12,#ffffff
5fc17afe56d8113424306949,95,12,#ffffff
5fc17afe56d811342430694a,96,12,#ffffff
5fc17afe56d811342430694b,97,12,#ffffff
5fc17afe56d811342430694c,98,12,#ffffff
5fc17afe56d811342430694d,99,12,#ffffff
5fc17afe56d811342430694e,100,12,#ffffff
5fc17afe56d811342430694f,0,13,#ffffff
5fc17afe56d8113424306950,1,13,#ffffff
5fc17afe56d8113424306951,2,13,#ffffff
5fc17afe56d8113424306952,3,13,#ffffff
5fc17afe56d8113424306953,4,13,#ffffff
5fc17afe56d8113424306954,5,13,#ffffff
5fc17afe56d8113424306955,6,13,#ffffff
5fc17afe56d8113424306956,7,13,#ffffff
5fc17afe56d8113424306957,8,13,#ffffff
5fc17afe56d8113424306958,9,13,#ffffff
5fc17afe56d8113424306959,10,13,#ffffff
5fc17afe56d811342430695a,11,13,#ffffff
5fc17afe56d811342430695b,12,13,#ffffff
5fc17afe56d811342430695c,13,13,#ffffff
5fc17afe56d811342430695d,14,13,#000000
5fc17afe56d811342430695e,15,13,#ffffff
5fc17afe56d811342430695f,16,13,#ffffff
5fc17afe56d8113424306960,17,13,#ffffff
5fc17afe56d8113424306961,18,13,#ffffff
5fc17afe56d8113424306962,19,13,#ffffff
5fc17afe56d8113424306963,20,13,#ffffff
5fc17afe56d8113424306964,21,13,#ffffff
5fc17afe56d8113424306965,22,13,#ffffff
5fc17afe56d8113424306966,23,13,#ffffff
5fc17afe56d8113424306967,24,13,#a862c3
5fc17afe56d8113424306968,25,13,#a862c3
5fc17afe56d8113424306969,26,13,#a862c3
5fc17afe56d811342430696a,27,13,#a862c3
5fc17afe56d811342430696b,28,13,#ffffff
5fc17afe56d811342430696c,29,13,#ffffff
5fc17afe56d811342430696d,30,13,#ffffff
5fc17afe56d811342430696e,31,13,#ffffff
5fc17afe56d811342430696f,32,13,#ffffff
5fc17afe56d8113424306970,33,13,#ffffff
5fc17afe56d8113424306971,34,13,#ffffff
5fc17afe56d8113424306972,35,13,#ffffff
5fc17afe56d8113424306973,36,13,#ffffff
5fc17afe56d8113424306974,37,13,#ffffff
5fc17afe56d8113424306975,38,13,#ffffff
5fc17afe56d8113424306976,39,13,#ffffff
5fc17afe56d8113424306977,40,13,#ffffff
5fc17afe56d8113424306978,41,13,#ffffff
5fc17afe56d8113424306979,42,13,#ffffff
5fc17afe56d811342430697a,43,13,#ffffff
5fc17afe56d811342430697b,44,13,#ffffff
5fc17afe56d811342430697c,45,13,#ffffff
5fc17afe56d811342430697d,46,13,#ffffff
5fc17afe56d811342430697e,47,13,#ffffff
5fc17afe56d811342430697f,48,13,#ffffff
5fc17afe56d8113424306980,49,13,#ffffff
5fc17afe56d8113424306981,50,13,#ffffff
5fc17afe56d8113424306982,51,13,#ffffff
5fc17afe56d8113424306983,52,13,#ffffff
5fc17afe56d8113424306984,53,13,#ffffff
5fc17afe56d8113424306985,54,13,#ffffff
5fc17afe56d8113424306986,55,13,#ffffff
5fc17afe56d8113424306987,56,13,#ffffff
5fc17afe56d8113424306988,57,13,#ffffff
5fc17afe56d8113424306989,58,13,#ffffff
5fc17afe56d811342430698a,59,13,#ffffff
5fc17afe56d811342430698b,60,13,#ffffff
5fc17afe56d811342430698c,61,13,#ffffff
5fc17afe56d811342430698d,62,13,#ffffff
5fc17afe56d811342430698e,63,13,#ffffff
5fc17afe56d811342430698f,64,13,#ffffff
5fc17afe56d8113424306990,65,13,#ffffff
5fc17afe56d8113424306991,66,13,#ffffff
5fc17afe56d8113424306992,67,13,#ffffff
5fc17afe56d8113424306993,68,13,#ffffff
5fc17afe56d8113424306994,69,13,#ffffff
5fc17afe56d8113424306995,70,13,#ffffff
5fc17afe56d8113424306996,71,13,#ffffff
5fc17afe56d8113424306997,72,13,#ffffff
5fc17afe56d8113424306998,73,13,#ffffff
5fc17afe56d8113424306999,74,13,#ffffff
5fc17afe56d811342430699a,75,13,#ffffff
5fc17afe56d811342430699b,76,13,#ffffff
5fc17afe56d811342430699c,77,13,#ffffff
5fc17afe56d811342430699d,78,13,#ffffff
5fc17afe56d811342430699e,79,13,#ffffff
5fc17afe56d811342430699f,80,13,#ffffff
5fc17afe56d81134243069a0,81,13,#ffffff
5fc17afe56d81134243069a1,82,13,#ffffff
5fc17afe56d81134243069a2,83,13,#ffffff
5fc17afe56d81134243069a3,84,13,#ffffff
5fc17afe56d81134243069a4,85,13,#ffffff
5fc17afe56d81134243069a5,86,13,#ffffff
5fc17afe56d81134243069a6,87,13,#ffffff
5fc17afe56d81134243069a7,88,13,#ffffff
5fc17afe56d81134243069a8,89,13,#ffffff
5fc17afe56d81134243069a9,90,13,#ffffff
5fc17afe56d81134243069aa,91,13,#ffffff
5fc17afe56d81134243069ab,92,13,#ffffff
5fc17afe56d81134243069ac,93,13,#ffffff
5fc17afe56d81134243069ad,94,13,#ffffff
5fc17afe56d81134243069ae,95,13,#ffffff
5fc17afe56d81134243069af,96,13,#ffffff
5fc17afe56d81134243069b0,97,13,#ffffff
5fc17afe56d81134243069b1,98,13,#ffffff
5fc17afe56d81134243069b2,99,13,#ffffff
5fc17afe56d81134243069b3,100,13,#ffffff
5fc17afe56d81134243069b4,0,14,#ffffff
5fc17afe56d81134243069b5,1,14,#ffffff
5fc17afe56d81134243069b6,2,14,#ffffff
5fc17afe56d81134243069b7,3,14,#ffffff
5fc17afe56d81134243069b8,4,14,#ffffff
5fc17afe56d81134243069b9,5,14,#ffffff
5fc17afe56d81134243069ba,6,14,#ffffff
5fc17afe56d81134243069bb,7,14,#ffffff
5fc17afe56d81134243069bc,8,14,#ffffff
5fc17afe56d81134243069bd,9,14,#ffffff
5fc17afe56d81134243069be,10,14,#ffffff
5fc17afe56d81134243069bf,11,14,#ffffff
5fc17afe56d81134243069c0,12,14,#ffffff
5fc17afe56d81134243069c1,13,14,#ffffff
5fc17afe56d81134243069c2,14,14,#000000
5fc17afe56d81134243069c3,15,14,#ffffff
5fc17afe56d81134243069c4,16,14,#ffffff
5fc17afe56d81134243069c5,17,14,#ffffff
5fc17afe56d81134243069c6,18,14,#ffffff
5fc17afe56d81134243069c7,19,14,#ffffff
5fc17afe56d81134243069c8,20,14,#ffffff
5fc17afe56d81134243069c9,21,14,#ffffff
5fc17afe56d81134243069ca,22,14,#ffffff
5fc17afe56d81134243069cb,23,14,#ffffff
5fc17afe56d81134243069cc,24,14,#a862c3
5fc17afe56d81134243069cd,25,14,#ffffff
5fc17afe56d81134243069ce,26,14,#ffffff
5fc17afe56d81134243069cf,27,14,#ffffff
5fc17afe56d81134243069d0,28,14,#ffffff
5fc17afe56d81134243069d1,29,14,#ffffff
5fc17afe56d81134243069d2,30,14,#ffffff
5fc17afe56d81134243069d3,31,14,#ffffff
5fc17afe56d81134243069d4,32,14,#ffffff
5fc17afe56d81134243069d5,33,14,#ffffff
5fc17afe56d81134243069d6,34,14,#ffffff
5fc17afe56d81134243069d7,35,14,#ffffff
5fc17afe56d81134243069d8,36,14,#ffffff
5fc17afe56d81134243069d9,37,14,#ffffff
5fc17afe56d81134243069da,38,14,#ffffff
5fc17afe56d81134243069db,39,14,#ffffff
5fc17afe56d81134243069dc,40,14,#ffffff
5fc17afe56d81134243069dd,41,14,#ffffff
5fc17afe56d81134243069de,42,14,#ffffff
5fc17afe56d81134243069df,43,14,#ffffff
5fc17afe56d81134243069e0,44,14,#ffffff
5fc17afe56d81134243069e1,45,14,#ffffff
5fc17afe56d81134243069e2,46,14,#ffffff
5fc17afe56d81134243069e3,47,14,#ffffff
5fc17afe56d81134243069e4,48,14,#ffffff
5fc17afe56d81134243069e5,49,14,#ffffff
5fc17afe56d81134243069e6,50,14,#ffffff
5fc17afe56d81134243069e7,51,14,#ffffff
5fc17afe56d81134243069e8,52,14,#ffffff
5fc17afe56d81134243069e9,53,14,#ffffff
5fc17afe56d81134243069ea,54,14,#ffffff
5fc17afe56d81134243069eb,55,14,#ffffff
5fc17afe56d81134243069ec,56,14,#ffffff
5fc17afe56d81134243069ed,57,14,#ffffff
5fc17afe56d81134243069ee,58,14,#ffffff
5fc17afe56d81134243069ef,59,14,#ffffff
5fc17afe56d81134243069f0,60,14,#ffffff
5fc17afe56d81134243069f1,61,14,#ffffff
5fc17afe56d81134243069f2,62,14,#ffffff
5fc17afe56d81134243069f3,63,14,#ffffff
5fc17afe56d81134243069f4,64,14,#ffffff
5fc17afe56d81134243069f5,65,14,#ffffff
5fc17afe56d81134243069f6,66,14,#ffffff
5fc17afe56d81134243069f7,67,14,#ffffff
5fc17afe56d81134243069f8,68,14,#ffffff
5fc17afe56d81134243069f9,69,14,#ffffff
5fc17afe56d81134243069fa,70,14,#ffffff
5fc17afe56d81134243069fb,71,14,#ffffff
5fc17afe56d81134243069fc,72,14,#ffffff
5fc17afe56d81134243069fd,73,14,#ffffff
5fc17afe56d81134243069fe,74,14,#ffffff
5fc17afe56d81134243069ff,75,14,#ffffff
5fc17afe56d8113424306a00,76,14,#ffffff
5fc17afe56d8113424306a01,77,14,#ffffff
5fc17afe56d8113424306a02,78,14,#ffffff
5fc17afe56d8113424306a03,79,14,#ffffff
5fc17afe56d8113424306a04,80,14,#ffffff
5fc17afe56d8113424306a05,81,14,#ffffff
5fc17afe56d8113424306a06,82,14,#ffffff
5fc17afe56d8113424306a07,83,14,#ffffff
5fc17afe56d8113424306a08,84,14,#ffffff
5fc17afe56d8113424306a09,85,14,#ffffff
5fc17afe56d8113424306a0a,86,14,#ffffff
5fc17afe56d8113424306a0b,87,14,#ffffff
5fc17afe56d8113424306a0c,88,14,#ffffff
5fc17afe56d8113424306a0d,89,14,#ffffff
5fc17afe56d8113424306a0e,90,14,#ffffff
5fc17afe56d8113424306a0f,91,14,#ffffff
5fc17afe56d8113424306a10,92,14,#ffffff
5fc17afe56d8113424306a11,93,14,#ffffff
5fc17afe56d8113424306a12,94,14,#ffffff
5fc17afe56d8113424306a13,95,14,#ffffff
5fc17afe56d8113424306a14,96,14,#ffffff
5fc17afe56d8113424306a15,97,14,#ffffff
5fc17afe56d8113424306a16,98,14,#ffffff
5fc17afe56d8113424306a17,99,14,#ffffff
5fc17afe56d8113424306a18,100,14,#ffffff
5fc17afe56d8113424306a19,0,15,#ffffff
5fc17afe56d8113424306a1a,1,15,#ffffff
5fc17afe56d8113424306a1b,2,15,#ffffff
5fc17afe56d8113424306a1c,3,15,#ffffff
5fc17afe56d8113424306a1d,4,15,#ffffff
5fc17afe56d8113424306a1e,5,15,#ffffff
5fc17afe56d8113424306a1f,6,15,#ffffff
5fc17afe56d8113424306a20,7,15,#ffffff
5fc17afe56d8113424306a21,8,15,#ffffff
5fc17afe56d8113424306a22,9,15,#ffffff
5fc17afe56d8113424306a23,10,15,#ffffff
5fc17afe56d8113424306a24,11,15,#ffffff
5fc17afe56d8113424306a25,12,15,#ffffff
5fc17afe56d8113424306a26,13,15,#ffffff
5fc17afe56d8113424306a27,14,15,#ffffff
5fc17afe56d8113424306a28,15,15,#ffffff
5fc17afe56d8113424306a29,16,15,#ffffff
5fc17afe56d8113424306a2a,17,15,#ffffff
5fc17afe56d8113424306a2b,18,15,#ffffff
5fc17afe56d8113424306a2c,19,15,#ffffff
5fc17afe56d8113424306a2d,20,15,#ffffff
5fc17afe56d8113424306a2e,21,15,#ffffff
5fc17afe56d8113424306a2f,22,15,#ffffff
5fc17afe56d8113424306a30,23,15,#ffffff
5fc17afe56d8113424306a31,24,15,#ffffff
5fc17afe56d8113424306a32,25,15,#ffffff
5fc17afe56d8113424306a33,26,15,#ffffff
5fc17afe56d8113424306a34,27,15,#ffffff
5fc17afe56d8113424306a35,28,15,#ffffff
5fc17afe56d8113424306a36,29,15,#ffffff
5fc17afe56d8113424306a37,30,15,#ffffff
5fc17afe56d8113424306a38,31,15,#ffffff
5fc17afe56d8113424306a39,32,15,#ffffff
5fc17afe56d8113424306a3a,33,15,#ffffff
5fc17afe56d8113424306a3b,34,15,#ffffff
5fc17afe56d8113424306a3c,35,15,#ffffff
5fc17afe56d8113424306a3d,36,15,#ffffff
5fc17afe56d8113424306a3e,37,15,#ffffff
5fc17afe56d8113424306a3f,38,15,#ffffff
5fc17afe56d8113424306a40,39,15,#ffffff
5fc17afe56d8113424306a41,40,15,#ffffff
5fc17afe56d8113424306a42,41,15,#ffffff
5fc17afe56d8113424306a43,42,15,#ffffff
5fc17afe56d8113424306a44,43,15,#ffffff
5fc17afe56d8113424306a45,44,15,#ffffff
5fc17afe56d8113424306a46,45,15,#ffffff
5fc17afe56d8113424306a47,46,15,#ffffff
5fc17afe56d8113424306a48,47,15,#ffffff
5fc17afe56d8113424306a49,48,15,#ffffff
5fc17afe56d8113424306a4a,49,15,#ffffff
5fc17afe56d8113424306a4b,50,15,#ffffff
5fc17afe56d8113424306a4c,51,15,#ffffff
5fc17afe56d8113424306a4d,52,15,#ffffff
5fc17afe56d8113424306a4e,53,15,#ffffff
5fc17afe56d8113424306a4f,54,15,#ffffff
5fc17afe56d8113424306a50,55,15,#ffffff
5fc17afe56d8113424306a51,56,15,#ffffff
5fc17afe56d8113424306a52,57,15,#ffffff
5fc17afe56d8113424306a53,58,15,#ffffff
5fc17afe56d8113424306a54,59,15,#ffffff
5fc17afe56d8113424306a55,60,15,#ffffff
5fc17afe56d8113424306a56,61,15,#ffffff
5fc17afe56d8113424306a57,62,15,#ffffff
5fc17afe56d8113424306a58,63,15,#ffffff
5fc17afe56d8113424306a59,64,15,#ffffff
5fc17afe56d8113424306a5a,65,15,#ffffff
5fc17afe56d8113424306a5b,66,15,#ffffff
5fc17afe56d8113424306a5c,67,15,#ffffff
5fc17afe56d8113424306a5d,68,15,#ffffff
5fc17afe56d8113424306a5e,69,15,#ffffff
5fc17afe56d8113424306a5f,70,15,#ffffff
5fc17afe56d8113424306a60,71,15,#ffffff
5fc17afe56d8113424306a61,72,15,#ffffff
5fc17afe56d8113424306a62,73,15,#ffffff
5fc17afe56d8113424306a63,74,15,#ffffff
5fc17afe56d8113424306a64,75,15,#ffffff
5fc17afe56d8113424306a65,76,15,#ffffff
5fc17afe56d8113424306a66,77,15,#ffffff
5fc17afe56d8113424306a67,78,15,#ffffff
5fc17afe56d8113424306a68,79,15,#ffffff
5fc17afe56d8113424306a69,80,15,#ffffff
5fc17afe56d8113424306a6a,81,15,#ffffff
5fc17afe56d8113424306a6b,82,15,#ffffff
5fc17afe56d8113424306a6c,83,15,#ffffff
5fc17afe56d8113424306a6d,84,15,#ffffff
5fc17afe56d8113424306a6e,85,15,#ffffff
5fc17afe56d8113424306a6f,86,15,#ffffff
5fc17afe56d8113424306a70,87,15,#ffffff
5fc17afe56d8113424306a71,88,15,#ffffff
5fc17afe56d8113424306a72,89,15,#ffffff
5fc17afe56d8113424306a73,90,15,#ffffff
5fc17afe56d8113424306a74,91,15,#ffffff
5fc17afe56d8113424306a75,92,15,#ffffff
5fc17afe56d8113424306a76,93,15,#ffffff
5fc17afe56d8113424306a77,94,15,#ffffff
5fc17afe56d8113424306a78,95,15,#ffffff
5fc17afe56d8113424306a79,96,15,#ffffff
5fc17afe56d8113424306a7a,97,15,#ffffff
5fc17afe56d8113424306a7b,98,15,#ffffff
5fc17afe56d8113424306a7c,99,15,#ffffff
5fc17afe56d8113424306a7d,100,15,#ffffff
5fc17afe56d8113424306a7e,0,16,#ffffff
5fc17afe56d8113424306a7f,1,16,#ffffff
5fc17afe56d8113424306a80,2,16,#ffffff
5fc17afe56d8113424306a81,3,16,#ffffff
5fc17afe56d8113424306a82,4,16,#ffffff
5fc17afe56d8113424306a83,5,16,#ffffff
5fc17afe56d8113424306a84,6,16,#ffffff
5fc17afe56d8113424306a85,7,16,#ffffff
5fc17afe56d8113424306a86,8,16,#ffffff
5fc17afe56d8113424306a87,9,16,#ffffff
5fc17afe56d8113424306a88,10,16,#ffffff
5fc17afe56d8113424306a89,11,16,#ffffff
5fc17afe56d8113424306a8a,12,16,#ffffff
5fc17afe56d8113424306a8b,13,16,#ffffff
5fc17afe56d8113424306a8c,14,16,#ffffff
5fc17afe56d8113424306a8d,15,16,#ffffff
5fc17afe56d8113424306a8e,16,16,#ffffff
5fc17afe56d8113424306a8f,17,16,#ffffff
5fc17afe56d8113424306a90,18,16,#ffffff
5fc17afe56d8113424306a91,19,16,#ffffff
5fc17afe56d8113424306a92,20,16,#ffffff
5fc17afe56d8113424306a93,21,16,#ffffff
5fc17afe56d8113424306a94,22,16,#ffffff
5fc17afe56d8113424306a95,23,16,#ffffff
5fc17afe56d8113424306a96,24,16,#ffffff
5fc17afe56d8113424306a97,25,16,#ffffff
5fc17afe56d8113424306a98,26,16,#ffffff
5fc17afe56d8113424306a99,27,16,#ffffff
5fc17afe56d8113424306a9a,28,16,#ffffff
5fc17afe56d8113424306a9b,29,16,#ffffff
5fc17afe56d8113424306a9c,30,16,#ffffff
5fc17afe56d8113424306a9d,31,16,#ffffff
5fc17afe56d8113424306a9e,32,16,#ffffff
5fc17afe56d8113424306a9f,33,16,#ffffff
5fc17afe56d8113424306aa0,34,16,#ffffff
5fc17afe56d8113424306aa1,35,16,#ffffff
5fc17afe56d8113424306aa2,36,16,#ffffff
5fc17afe56d8113424306aa3,37,16,#ffffff
5fc17afe56d8113424306aa4,38,16,#ffffff
5fc17afe56d8113424306aa5,39,16,#ffffff
5fc17afe56d8113424306aa6,40,16,#ffffff
5fc17afe56d8113424306aa7,41,16,#ffffff
5fc17afe56d8113424306aa8,42,16,#ffffff
5fc17afe56d8113424306aa9,43,16,#ffffff
5fc17afe56d8113424306aaa,44,16,#ffffff
5fc17afe56d8113424306aab,45,16,#ffffff
5fc17afe56d8113424306aac,46,16,#ffffff
5fc17afe56d8113424306aad,47,16,#ffffff
5fc17afe56d8113424306aae,48,16,#ffffff
5fc17afe56d8113424306aaf,49,16,#ffffff
5fc17afe56d8113424306ab0,50,16,#ffffff
5fc17afe56d8113424306ab1,51,16,#ffffff
5fc17afe56d8113424306ab2,52,16,#ffffff
5fc17afe56d8113424306ab3,53,16,#ffffff
5fc17afe56d8113424306ab4,54,16,#ffffff
5fc17afe56d8113424306ab5,55,16,#ffffff
5fc17afe56d8113424306ab6,56,16,#ffffff
5fc17afe56d8113424306ab7,57,16,#ffffff
5fc17afe56d8113424306ab8,58,16,#ffffff
5fc17afe56d8113424306ab9,59,16,#ffffff
5fc17afe56d8113424306aba,60,16,#ffffff
5fc17afe56d8113424306abb,61,16,#ffffff
5fc17afe56d8113424306abc,62,16,#ffffff
5fc17afe56d8113424306abd,63,16,#ffffff
5fc17afe56d8113424306abe,64,16,#ffffff
5fc17afe56d8113424306abf,65,16,#ffffff
5fc17afe56d8113424306ac0,66,16,#ffffff
5fc17afe56d8113424306ac1,67,16,#ffffff
5fc17afe56d8113424306ac2,68,16,#ffffff
5fc17afe56d8113424306ac3,69,16,#ffffff
5fc17afe56d8113424306ac4,70,16,#ffffff
5fc17afe56d8113424306ac5,71,16,#ffffff
5fc17afe56d8113424306ac6,72,16,#ffffff
5fc17afe56d8113424306ac7,73,16,#ffffff
5fc17afe56d8113424306ac8,74,16,#ffffff
5fc17afe56d8113424306ac9,75,16,#ffffff
5fc17afe56d8113424306aca,76,16,#ffffff
5fc17afe56d8113424306acb,77,16,#ffffff
5fc17afe56d8113424306acc,78,16,#ffffff
5fc17afe56d8113424306acd,79,16,#ffffff
5fc17afe56d8113424306ace,80,16,#ffffff
5fc17afe56d8113424306acf,81,16,#ffffff
5fc17afe56d8113424306ad0,82,16,#ffffff
5fc17afe56d8113424306ad1,83,16,#ffffff
5fc17afe56d8113424306ad2,84,16,#ffffff
5fc17afe56d8113424306ad3,85,16,#ffffff
5fc17afe56d8113424306ad4,86,16,#ffffff
5fc17afe56d8113424306ad5,87,16,#ffffff
5fc17afe56d8113424306ad6,88,16,#ffffff
5fc17afe56d8113424306ad7,89,16,#ffffff
5fc17afe56d8113424306ad8,90,16,#ffffff
5fc17afe56d8113424306ad9,91,16,#ffffff
5fc17afe56d8113424306ada,92,16,#ffffff
5fc17afe56d8113424306adb,93,16,#ffffff
5fc17afe56d8113424306adc,94,16,#ffffff
5fc17afe56d8113424306add,95,16,#ffffff
5fc17afe56d8113424306ade,96,16,#ffffff
5fc17afe56d8113424306adf,97,16,#ffffff
5fc17afe56d8113424306ae0,98,16,#ffffff
5fc17afe56d8113424306ae1,99,16,#ffffff
5fc17afe56d8113424306ae2,100,16,#ffffff
5fc17afe56d8113424306ae3,0,17,#ffffff
5fc17afe56d8113424306ae4,1,17,#ffffff
5fc17afe56d8113424306ae5,2,17,#ffffff
5fc17afe56d8113424306ae6,3,17,#ffffff
5fc17afe56d8113424306ae7,4,17,#ffffff
5fc17afe56d8113424306ae8,5,17,#ffffff
5fc17afe56d8113424306ae9,6,17,#ffffff
5fc17afe56d8113424306aea,7,17,#ffffff
5fc17afe56d8113424306aeb,8,17,#ffffff
5fc17afe56d8113424306aec,9,17,#ffffff
5fc17afe56d8113424306aed,10,17,#ffffff
5fc17afe56d8113424306aee,11,17,#ffffff
5fc17afe56d8113424306aef,12,17,#ffffff
5fc17afe56d8113424306af0,13,17,#ffffff
5fc17afe56d8113424306af1,14,17,#ffffff
5fc17afe56d8113424306af2,15,17,#ffffff
5fc17afe56d8113424306af3,16,17,#ffffff
5fc17afe56d8113424306af4,17,17,#ffffff
5fc17afe56d8113424306af5,18,17,#ffffff
5fc17afe56d8113424306af6,19,17,#ffffff
5fc17afe56d8113424306af7,20,17,#ffffff
5fc17afe56d8113424306af8,21,17,#ffffff
5fc17afe56d8113424306af9,22,17,#ffffff
5fc17afe56d8113424306afa,23,17,#ffffff
5fc17afe56d8113424306afb,24,17,#ffffff
5fc17afe56d8113424306afc,25,17,#ffffff
5fc17afe56d8113424306afd,26,17,#ffffff
5fc17afe56d8113424306afe,27,17,#ffffff
5fc17afe56d8113424306aff,28,17,#ffffff
5fc17afe56d8113424306b00,29,17,#ffffff
5fc17afe56d8113424306b01,30,17,#ffffff
5fc17afe56d8113424306b02,31,17,#ffffff
5fc17afe56d8113424306b03,32,17,#ffffff
5fc17afe56d8113424306b04,33,17,#ffffff
5fc17afe56d8113424306b05,34,17,#ffffff
5fc17afe56d8113424306b06,35,17,#ffffff
5fc17afe56d8113424306b07,36,17,#ffffff
5fc17afe56d8113424306b08,37,17,#ffffff
5fc17afe56d8113424306b09,38,17,#ffffff
5fc17afe56d8113424306b0a,39,17,#ffffff
5fc17afe56d8113424306b0b,40,17,#ffffff
5fc17afe56d8113424306b0c,41,17,#ffffff
5fc17afe56d8113424306b0d,42,17,#ffffff
5fc17afe56d8113424306b0e,43,17,#ffffff
5fc17afe56d8113424306b0f,44,17,#ffffff
5fc17afe56d8113424306b10,45,17,#ffffff
5fc17afe56d8113424306b11,46,17,#ffffff
5fc17afe56d8113424306b12,47,17,#ffffff
5fc17afe56d8113424306b13,48,17,#ffffff
5fc17afe56d8113424306b14,49,17,#ffffff
5fc17afe56d8113424306b15,50,17,#ffffff
5fc17afe56d8113424306b16,51,17,#ffffff
5fc17afe56d8113424306b17,52,17,#ffffff
5fc17afe56d8113424306b18,53,17,#ffffff
5fc17afe56d8113424306b19,54,17,#ffffff
5fc17afe56d8113424306b1a,55,17,#ffffff
5fc17afe56d8113424306b1b,56,17,#ffffff
5fc17afe56d8113424306b1c,57,17,#ffffff
5fc17afe56d8113424306b1d,58,17,#ffffff
5fc17afe56d8113424306b1e,59,17,#ffffff
5fc17afe56d8113424306b1f,60,17,#ffffff
5fc17afe56d8113424306b20,61,17,#ffffff
5fc17afe56d8113424306b21,62,17,#ffffff
5fc17afe56d8113424306b22,63,17,#ffffff
5fc17afe56d8113424306b23,64,17,#ffffff
5fc17afe56d8113424306b24,65,17,#ffffff
5fc17afe56d8113424306b25,66,17,#ffffff
5fc17afe56d8113424306b26,67,17,#ffffff
5fc17afe56d8113424306b27,68,17,#ffffff
5fc17afe56d8113424306b28,69,17,#ffffff
5fc17afe56d8113424306b29,70,17,#ffffff
5fc17afe56d8113424306b2a,71,17,#ffffff
5fc17afe56d8113424306b2b,72,17,#ffffff
5fc17afe56d8113424306b2c,73,17,#ffffff
5fc17afe56d8113424306b2d,74,17,#ffffff
5fc17afe56d8113424306b2e,75,17,#ffffff
5fc17afe56d8113424306b2f,76,17,#ffffff
5fc17afe56d8113424306b30,77,17,#ffffff
5fc17afe56d8113424306b31,78,17,#ffffff
5fc17afe56d8113424306b32,79,17,#ffffff
5fc17afe56d8113424306b33,80,17,#ffffff
5fc17afe56d8113424306b34,81,17,#ffffff
5fc17afe56d8113424306b35,82,17,#ffffff
5fc17afe56d8113424306b36,83,17,#ffffff
5fc17afe56d8113424306b37,84,17,#ffffff
5fc17afe56d8113424306b38,85,17,#ffffff
5fc17afe56d8113424306b39,86,17,#ffffff
5fc17afe56d8113424306b3a,87,17,#ffffff
5fc17afe56d8113424306b3b,88,17,#ffffff
5fc17afe56d8113424306b3c,89,17,#ffffff
5fc17afe56d8113424306b3d,90,17,#ffffff
5fc17afe56d8113424306b3e,91,17,#ffffff
5fc17afe56d8113424306b3f,92,17,#ffffff
5fc17afe56d8113424306b40,93,17,#ffffff
5fc17afe56d8113424306b41,94,17,#ffffff
5fc17afe56d8113424306b42,95,17,#ffffff
5fc17afe56d8113424306b43,96,17,#ffffff
5fc17afe56d8113424306b44,97,17,#ffffff
5fc17afe56d8113424306b45,98,17,#ffffff
5fc17afe56d8113424306b46,99,17,#ffffff
5fc17afe56d8113424306b47,100,17,#ffffff
5fc17afe56d8113424306b48,0,18,#ffffff
5fc17afe56d8113424306b49,1,18,#ffffff
5fc17afe56d8113424306b4a,2,18,#ffffff
5fc17afe56d8113424306b4b,3,18,#ffffff
5fc17afe56d8113424306b4c,4,18,#ffffff
5fc17afe56d8113424306b4d,5,18,#ffffff
5fc17afe56d8113424306b4e,6,18,#ffffff
5fc17afe56d8113424306b4f,7,18,#ffffff
5fc17afe56d8113424306b50,8,18,#ffffff
5fc17afe56d8113424306b51,9,18,#ffffff
5fc17afe56d8113424306b52,10,18,#ffffff
5fc17afe56d8113424306b53,11,18,#ffffff
5fc17afe56d8113424306b54,12,18,#ffffff
5fc17afe56d8113424306b55,13,18,#ffffff
5fc17afe56d8113424306b56,14,18,#ffffff
5fc17afe56d8113424306b57,15,18,#ffffff
5fc17afe56d8113424306b58,16,18,#ffffff
5fc17afe56d8113424306b59,17,18,#ffffff
5fc17afe56d8113424306b5a,18,18,#ffffff
5fc17afe56d8113424306b5b,19,18,#ffffff
5fc17afe56d8113424306b5c,20,18,#ffffff
5fc17afe56d8113424306b5d,21,18,#ffffff
5fc17afe56d8113424306b5e,22,18,#ffffff
5fc17afe56d8113424306b5f,23,18,#ffffff
5fc17afe56d8113424306b60,24,18,#ffffff
5fc17afe56d8113424306b61,25,18,#ffffff
5fc17afe56d8113424306b62,26,18,#ffffff
5fc17afe56d8113424306b63,27,18,#ffffff
5fc17afe56d8113424306b64,28,18,#ffffff
5fc17afe56d8113424306b65,29,18,#ffffff
5fc17afe56d8113424306b66,30,18,#ffffff
5fc17afe56d8113424306b67,31,18,#ffffff
5fc17afe56d8113424306b68,32,18,#ffffff
5fc17afe56d8113424306b69,33,18,#ffffff
5fc17afe56d8113424306b6a,34,18,#ffffff
5fc17afe56d8113424306b6b,35,18,#ffffff
5fc17afe56d8113424306b6c,36,18,#ffffff
5fc17afe56d8113424306b6d,37,18,#ffffff
5fc17afe56d8113424306b6e,38,18,#ffffff
5fc17afe56d8113424306b6f,39,18,#ffffff
5fc17afe56d8113424306b70,40,18,#ffffff
5fc17afe56d8113424306b71,41,18,#ffffff
5fc17afe56d8113424306b72,42,18,#ffffff
5fc17afe56d8113424306b73,43,18,#ffffff
5fc17afe56d8113424306b74,44,18,#ffffff
5fc17afe56d8113424306b75,45,18,#ffffff
5fc17afe56d8113424306b76,46,18,#ffffff
5fc17afe56d8113424306b77,47,18,#ffffff
5fc17afe56d8113424306b78,48,18,#ffffff
5fc17afe56d8113424306b79,49,18,#ffffff
5fc17afe56d8113424306b7a,50,18,#ffffff
5fc17afe56d8113424306b7b,51,18,#ffffff
5fc17afe56d8113424306b7c,52,18,#ffffff
5fc17afe56d8113424306b7d,53,18,#ffffff
5fc17afe56d8113424306b7e,54,18,#ffffff
5fc17afe56d8113424306b7f,55,18,#ffffff
5fc17afe56d8113424306b80,56,18,#ffffff
5fc17afe56d8113424306b81,57,18,#ffffff
5fc17afe56d8113424306b82,58,18,#ffffff
5fc17afe56d8113424306b83,59,18,#ffffff
5fc17afe56d8113424306b84,60,18,#ffffff
5fc17afe56d8113424306b85,61,18,#ffffff
5fc17afe56d8113424306b86,62,18,#ffffff
5fc17afe56d8113424306b87,63,18,#ffffff
5fc17afe56d8113424306b88,64,18,#ffffff
5fc17afe56d8113424306b89,65,18,#ffffff
5fc17afe56d8113424306b8a,66,18,#ffffff
5fc17afe56d8113424306b8b,67,18,#ffffff
5fc17afe56d8113424306b8c,68,18,#ffffff
5fc17afe56d8113424306b8d,69,18,#ffffff
5fc17afe56d8113424306b8e,70,18,#ffffff
5fc17afe56d8113424306b8f,71,18,#ffffff
5fc17afe56d8113424306b90,72,18,#ffffff
5fc17afe56d8113424306b91,73,18,#ffffff
5fc17afe56d8113424306b92,74,18,#ffffff
5fc17afe56d8113424306b93,75,18,#ffffff
5fc17afe56d8113424306b94,76,18,#ffffff
5fc17afe56d8113424306b95,77,18,#ffffff
5fc17afe56d8113424306b96,78,18,#ffffff
5fc17afe56d8113424306b97,79,18,#ffffff
5fc17afe56d8113424306b98,80,18,#ffffff
5fc17afe56d8113424306b99,81,18,#ffffff
5fc17afe56d8113424306b9a,82,18,#ffffff
5fc17afe56d8113424306b9b,83,18,#ffffff
5fc17afe56d8113424306b9c,84,18,#ffffff
5fc17afe56d8113424306b9d,85,18,#ffffff
5fc17afe56d8113424306b9e,86,18,#ffffff
5fc17afe56d8113424306b9f,87,18,#ffffff
5fc17afe56d8113424306ba0,88,18,#ffffff
5fc17afe56d8113424306ba1,89,18,#ffffff
5fc17afe56d8113424306ba2,90,18,#ffffff
5fc17afe56d8113424306ba3,91,18,#ffffff
5fc17afe56d8113424306ba4,92,18,#ffffff
5fc17afe56d8113424306ba5,93,18,#ffffff
5fc17afe56d8113424306ba6,94,18,#ffffff
5fc17afe56d8113424306ba7,95,18,#ffffff
5fc17afe56d8113424306ba8,96,18,#ffffff
5fc17afe56d8113424306ba9,97,18,#ffffff
5fc17afe56d8113424306baa,98,18,#ffffff
5fc17afe56d8113424306bab,99,18,#ffffff
5fc17afe56d8113424306bac,100,18,#ffffff
5fc17afe56d8113424306bad,0,19,#ffffff
5fc17afe56d8113424306bae,1,19,#ffffff
5fc17afe56d8113424306baf,2,19,#ffffff
5fc17afe56d8113424306bb0,3,19,#ffffff
5fc17afe56d8113424306bb1,4,19,#ffffff
5fc17afe56d8113424306bb2,5,19,#ffffff
5fc17afe56d8113424306bb3,6,19,#ffffff
5fc17afe56d8113424306bb4,7,19,#ffffff
5fc17afe56d8113424306bb5,8,19,#ffffff
5fc17afe56d8113424306bb6,9,19,#ffffff
5fc17afe56d8113424306bb7,10,19,#ffffff
5fc17afe56d8113424306bb8,11,19,#ffffff
5fc17afe56d8113424306bb9,12,19,#ffffff
5fc17afe56d8113424306bba,13,19,#ffffff
5fc17afe56d8113424306bbb,14,19,#ffffff
5fc17afe56d8113424306bbc,15,19,#ffffff
5fc17afe56d8113424306bbd,16,19,#ffffff
5fc17afe56d8113424306bbe,17,19,#ffffff
5fc17afe56d8113424306bbf,18,19,#ffffff
5fc17afe56d8113424306bc0,19,19,#ffffff
5fc17afe56d8113424306bc1,20,19,#ffffff
5fc17afe56d8113424306bc2,21,19,#ffffff
5fc17afe56d8113424306bc3,22,19,#ffffff
5fc17afe56d8113424306bc4,23,19,#ffffff
5fc17afe56d8113424306bc5,24,19,#ffffff
5fc17afe56d8113424306bc6,25,19,#ffffff
5fc17afe56d8113424306bc7,26,19,#ffffff
5fc17afe56d8113424306bc8,27,19,#ffffff
5fc17afe56d8113424306bc9,28,19,#ffffff
5fc17afe56d8113424306bca,29,19,#ffffff
5fc17afe56d8113424306bcb,30,19,#ffffff
5fc17afe56d8113424306bcc,31,19,#ffffff
5fc17afe56d8113424306bcd,32,19,#ffffff
5fc17afe56d8113424306bce,33,19,#ffffff
5fc17afe56d8113424306bcf,34,19,#ffffff
5fc17afe56d8113424306bd0,35,19,#ffffff
5fc17afe56d8113424306bd1,36,19,#ffffff
5fc17afe56d8113424306bd2,37,19,#ffffff
5fc17afe56d8113424306bd3,38,19,#ffffff
5fc17afe56d8113424306bd4,39,19,#ffffff
5fc17afe56d8113424306bd5,40,19,#ffffff
5fc17afe56d8113424306bd6,41,19,#ffffff
5fc17afe56d8113424306bd7,42,19,#ffffff
5fc17afe56d8113424306bd8,43,19,#ffffff
5fc17afe56d8113424306bd9,44,19,#ffffff
5fc17afe56d8113424306bda,45,19,#ffffff
5fc17afe56d8113424306bdb,46,19,#ffffff
5fc17afe56d8113424306bdc,47,19,#ffffff
5fc17afe56d8113424306bdd,48,19,#ffffff
5fc17afe56d8113424306bde,49,19,#ffffff
5fc17afe56d8113424306bdf,50,19,#ffffff
5fc17afe56d8113424306be0,51,19,#ffffff
5fc17afe56d8113424306be1,52,19,#ffffff
5fc17afe56d8113424306be2,53,19,#ffffff
5fc17afe56d8113424306be3,54,19,#ffffff
5fc17afe56d8113424306be4,55,19,#ffffff
5fc17afe56d8113424306be5,56,19,#ffffff
5fc17afe56d8113424306be6,57,19,#ffffff
5fc17afe56d8113424306be7,58,19,#ffffff
5fc17afe56d8113424306be8,59,19,#ffffff
5fc17afe56d8113424306be9,60,19,#ffffff
5fc17afe56d8113424306bea,61,19,#ffffff
5fc17afe56d8113424306beb,62,19,#ffffff
5fc17afe56d8113424306bec,63,19,#ffffff
5fc17afe56d8113424306bed,64,19,#ffffff
5fc17afe56d8113424306bee,65,19,#ffffff
5fc17afe56d8113424306bef,66,19,#ffffff
5fc17afe56d8113424306bf0,67,19,#ffffff
5fc17afe56d8113424306bf1,68,19,#ffffff
5fc17afe56d8113424306bf2,69,19,#ffffff
5fc17afe56d8113424306bf3,70,19,#ffffff
5fc17afe56d8113424306bf4,71,19,#ffffff
5fc17afe56d8113424306bf5,72,19,#ffffff
5fc17afe56d8113424306bf6,73,19,#ffffff
5fc17afe56d8113424306bf7,74,19,#ffffff
5fc17afe56d8113424306bf8,75,19,#ffffff
5fc17afe56d8113424306bf9,76,19,#ffffff
5fc17afe56d8113424306bfa,77,19,#ffffff
5fc17afe56d8113424306bfb,78,19,#ffffff
5fc17afe56d8113424306bfc,79,19,#ffffff
5fc17afe56d8113424306bfd,80,19,#ffffff
5fc17afe56d8113424306bfe,81,19,#ffffff
5fc17afe56d8113424306bff,82,19,#ffffff
5fc17afe56d8113424306c00,83,19,#ffffff
5fc17afe56d8113424306c01,84,19,#ffffff
5fc17afe56d8113424306c02,85,19,#ffffff
5fc17afe56d8113424306c03,86,19,#ffffff
5fc17afe56d8113424306c04,87,19,#ffffff
5fc17afe56d8113424306c05,88,19,#ffffff
5fc17afe56d8113424306c06,89,19,#ffffff
5fc17afe56d8113424306c07,90,19,#ffffff
5fc17afe56d8113424306c08,91,19,#ffffff
5fc17afe56d8113424306c09,92,19,#ffffff
5fc17afe56d8113424306c0a,93,19,#ffffff
5fc17afe56d8113424306c0b,94,19,#ffffff
5fc17afe56d8113424306c0c,95,19,#ffffff
5fc17afe56d8113424306c0d,96,19,#ffffff
5fc17afe56d8113424306c0e,97,19,#ffffff
5fc17afe56d8113424306c0f,98,19,#ffffff
5fc17afe56d8113424306c10,99,19,#ffffff
5fc17afe56d8113424306c11,100,19,#ffffff
5fc17afe56d8113424306c12,0,20,#ffffff
5fc17afe56d8113424306c13,1,20,#ffffff
5fc17afe56d8113424306c14,2,20,#ffffff
5fc17afe56d8113424306c15,3,20,#ffffff
5fc17afe56d8113424306c16,4,20,#ffffff
5fc17afe56d8113424306c17,5,20,#ffffff
5fc17afe56d8113424306c18,6,20,#ffffff
5fc17afe56d8113424306c19,7,20,#ffffff
5fc17afe56d8113424306c1a,8,20,#ffffff
5fc17afe56d8113424306c1b,9,20,#ffffff
5fc17afe56d8113424306c1c,10,20,#ffffff
5fc17afe56d8113424306c1d,11,20,#ffffff
5fc17afe56d8113424306c1e,12,20,#ffffff
5fc17afe56d8113424306c1f,13,20,#ffffff
5fc17afe56d8113424306c20,14,20,#ffffff
5fc17afe56d8113424306c21,15,20,#ffffff
5fc17afe56d8113424306c22,16,20,#ffffff
5fc17afe56d8113424306c23,17,20,#ffffff
5fc17afe56d8113424306c24,18,20,#ffffff
5fc17afe56d8113424306c25,19,20,#ffffff
5fc17afe56d8113424306c26,20,20,#ffffff
5fc17afe56d8113424306c27,21,20,#ffffff
5fc17afe56d8113424306c28,22,20,#ffffff
5fc17afe56d8113424306c29,23,20,#ffffff
5fc17afe56d8113424306c2a,24,20,#ffffff
5fc17afe56d8113424306c2b,25,20,#ffffff
5fc17afe56d8113424306c2c,26,20,#ffffff
5fc17afe56d8113424306c2d,27,20,#ffffff
5fc17afe56d8113424306c2e,28,20,#ffffff
5fc17afe56d8113424306c2f,29,20,#ffffff
5fc17afe56d8113424306c30,30,20,#ffffff
5fc17afe56d8113424306c31,31,20,#ffffff
5fc17afe56d8113424306c32,32,20,#ffffff
5fc17afe56d8113424306c33,33,20,#ffffff
5fc17afe56d8113424306c34,34,20,#ffffff
5fc17afe56d8113424306c35,35,20,#ffffff
5fc17afe56d8113424306c36,36,20,#ffffff
5fc17afe56d8113424306c37,37,20,#ffffff
5fc17afe56d8113424306c38,38,20,#ffffff
5fc17afe56d8113424306c39,39,20,#ffffff
5fc17afe56d8113424306c3a,40,20,#ffffff
5fc17afe56d8113424306c3b,41,20,#ffffff
5fc17afe56d8113424306c3c,42,20,#ffffff
5fc17afe56d8113424306c3d,43,20,#ffffff
5fc17afe56d8113424306c3e,44,20,#ffffff
5fc17afe56d8113424306c3f,45,20,#ffffff
5fc17afe56d8113424306c40,46,20,#ffffff
5fc17afe56d8113424306c41,47,20,#ffffff
5fc17afe56d8113424306c42,48,20,#ffffff
5fc17afe56d8113424306c43,49,20,#ffffff
5fc17afe56d8113424306c44,50,20,#ffffff
5fc17afe56d8113424306c45,51,20,#ffffff
5fc17afe56d8113424306c46,52,20,#ffffff
5fc17afe56d8113424306c47,53,20,#ffffff
5fc17afe56d8113424306c48,54,20,#ffffff
5fc17afe56d8113424306c49,55,20,#ffffff
5fc17afe56d8113424306c4a,56,20,#ffffff
5fc17afe56d8113424306c4b,57,20,#ffffff
5fc17afe56d8113424306c4c,58,20,#ffffff
5fc17afe56d8113424306c4d,59,20,#ffffff
5fc17afe56d8113424306c4e,60,20,#ffffff
5fc17afe56d8113424306c4f,61,20,#ffffff
5fc17afe56d8113424306c50,62,20,#ffffff
5fc17afe56d8113424306c51,63,20,#ffffff
5fc17afe56d8113424306c52,64,20,#ffffff
5fc17afe56d8113424306c53,65,20,#ffffff
5fc17afe56d8113424306c54,66,20,#ffffff
5fc17afe56d8113424306c55,67,20,#ffffff
5fc17afe56d8113424306c56,68,20,#ffffff
5fc17afe56d8113424306c57,69,20,#ffffff
5fc17afe56d8113424306c58,70,20,#ffffff
5fc17afe56d8113424306c59,71,20,#ffffff
5fc17afe56d8113424306c5a,72,20,#ffffff
5fc17afe56d8113424306c5b,73,20,#ffffff
5fc17afe56d8113424306c5c,74,20,#ffffff
5fc17afe56d8113424306c5d,75,20,#ffffff
5fc17afe56d8113424306c5e,76,20,#ffffff
5fc17afe56d8113424306c5f,77,20,#ffffff
5fc17afe56d8113424306c60,78,20,#ffffff
5fc17afe56d8113424306c61,79,20,#ffffff
5fc17afe56d8113424306c62,80,20,#ffffff
5fc17afe56d8113424306c63,81,20,#ffffff
5fc17afe56d8113424306c64,82,20,#ffffff
5fc17afe56d8113424306c65,83,20,#ffffff
5fc17afe56d8113424306c66,84,20,#ffffff
5fc17afe56d8113424306c67,85,20,#ffffff
5fc17afe56d8113424306c68,86,20,#ffffff
5fc17afe56d8113424306c69,87,20,#ffffff
5fc17afe56d8113424306c6a,88,20,#ffffff
5fc17afe56d8113424306c6b,89,20,#ffffff
5fc17afe56d8113424306c6c,90,20,#ffffff
5fc17afe56d8113424306c6d,91,20,#ffffff
5fc17afe56d8113424306c6e,92,20,#ffffff
5fc17afe56d8113424306c6f,93,20,#ffffff
5fc17afe56d8113424306c70,94,20,#ffffff
5fc17afe56d8113424306c71,95,20,#ffffff
5fc17afe56d8113424306c72,96,20,#ffffff
5fc17afe56d8113424306c73,97,20,#ffffff
5fc17afe56d8113424306c74,98,20,#ffffff
5fc17afe56d8113424306c75,99,20,#ffffff
5fc17afe56d8113424306c76,100,20,#ffffff
5fc17afe56d8113424306c77,0,21,#ffffff
5fc17afe56d8113424306c78,1,21,#ffffff
5fc17afe56d8113424306c79,2,21,#ffffff
5fc17afe56d8113424306c7a,3,21,#ffffff
5fc17afe56d8113424306c7b,4,21,#ffffff
5fc17afe56d8113424306c7c,5,21,#ffffff
5fc17afe56d8113424306c7d,6,21,#ffffff
5fc17afe56d8113424306c7e,7,21,#ffffff
5fc17afe56d8113424306c7f,8,21,#ffffff
5fc17afe56d8113424306c80,9,21,#ffffff
5fc17afe56d8113424306c81,10,21,#ffffff
5fc17afe56d8113424306c82,11,21,#ffffff
5fc17afe56d8113424306c83,12,21,#ffffff
5fc17afe56d8113424306c84,13,21,#ffffff
5fc17afe56d8113424306c85,14,21,#ffffff
5fc17afe56d8113424306c86,15,21,#ffffff
5fc17afe56d8113424306c87,16,21,#ffffff
5fc17afe56d8113424306c88,17,21,#ffffff
5fc17afe56d8113424306c89,18,21,#ffffff
5fc17afe56d8113424306c8a,19,21,#ffffff
5fc17afe56d8113424306c8b,20,21,#ffffff
5fc17afe56d8113424306c8c,21,21,#ffffff
5fc17afe56d8113424306c8d,22,21,#ffffff
5fc17afe56d8113424306c8e,23,21,#ffffff
5fc17afe56d8113424306c8f,24,21,#ffffff
5fc17afe56d8113424306c90,25,21,#ffffff
5fc17afe56d8113424306c91,26,21,#ffffff
5fc17afe56d8113424306c92,27,21,#ffffff
5fc17afe56d8113424306c93,28,21,#ffffff
5fc17afe56d8113424306c94,29,21,#ffffff
5fc17afe56d8113424306c95,30,21,#ffffff
5fc17afe56d8113424306c96,31,21,#ffffff
5fc17afe56d8113424306c97,32,21,#ffffff
5fc17afe56d8113424306c98,33,21,#ffffff
5fc17afe56d8113424306c99,34,21,#ffffff
5fc17afe56d8113424306c9a,35,21,#ffffff
5fc17afe56d8113424306c9b,36,21,#ffffff
5fc17afe56d8113424306c9c,37,21,#ffffff
5fc17afe56d8113424306c9d,38,21,#ffffff
5fc17afe56d8113424306c9e,39,21,#ffffff
5fc17afe56d8113424306c9f,40,21,#ffffff
5fc17afe56d8113424306ca0,41,21,#ffffff
5fc17afe56d8113424306ca1,42,21,#ffffff
5fc17afe56d8113424306ca2,43,21,#ffffff
5fc17afe56d8113424306ca3,44,21,#ffffff
5fc17afe56d8113424306ca4,45,21,#ffffff
5fc17afe56d8113424306ca5,46,21,#ffffff
5fc17afe56d8113424306ca6,47,21,#ffffff
5fc17afe56d8113424306ca7,48,21,#ffffff
5fc17afe56d8113424306ca8,49,21,#ffffff
5fc17afe56d8113424306ca9,50,21,#ffffff
5fc17afe56d8113424306caa,51,21,#ffffff
5fc17afe56d8113424306cab,52,21,#ffffff
5fc17afe56d8113424306cac,53,21,#ffffff
5fc17afe56d8113424306cad,54,21,#ffffff
5fc17afe56d8113424306cae,55,21,#ffffff
5fc17afe56d8113424306caf,56,21,#ffffff
5fc17afe56d8113424306cb0,57,21,#ffffff
5fc17afe56d8113424306cb1,58,21,#ffffff
5fc17afe56d8113424306cb2,59,21,#ffffff
5fc17afe56d8113424306cb3,60,21,#ffffff
5fc17afe56d8113424306cb4,61,21,#ffffff
5fc17afe56d8113424306cb5,62,21,#ffffff
5fc17afe56d8113424306cb6,63,21,#ffffff
5fc17afe56d8113424306cb7,64,21,#ffffff
5fc17afe56d8113424306cb8,65,21,#ffffff
5fc17afe56d8113424306cb9,66,21,#ffffff
5fc17afe56d8113424306cba,67,21,#ffffff
5fc17afe56d8113424306cbb,68,21,#ffffff
5fc17afe56d8113424306cbc,69,21,#ffffff
5fc17afe56d8113424306cbd,70,21,#ffffff
5fc17afe56d8113424306cbe,71,21,#ffffff
5fc17afe56d8113424306cbf,72,21,#ffffff
5fc17afe56d8113424306cc0,73,21,#ffffff
5fc17afe56d8113424306cc1,74,21,#ffffff
5fc17afe56d8113424306cc2,75,21,#ffffff
5fc17afe56d8113424306cc3,76,21,#ffffff
5fc17afe56d8113424306cc4,77,21,#ffffff
5fc17afe56d8113424306cc5,78,21,#ffffff
5fc17afe56d8113424306cc6,79,21,#ffffff
5fc17afe56d8113424306cc7,80,21,#ffffff
5fc17afe56d8113424306cc8,81,21,#ffffff
5fc17afe56d8113424306cc9,82,21,#ffffff
5fc17afe56d8113424306cca,83,21,#ffffff
5fc17afe56d8113424306ccb,84,21,#ffffff
5fc17afe56d8113424306ccc,85,21,#ffffff
5fc17afe56d8113424306ccd,86,21,#ffffff
5fc17afe56d8113424306cce,87,21,#ffffff
5fc17afe56d8113424306ccf,88,21,#ffffff
5fc17afe56d8113424306cd0,89,21,#ffffff
5fc17afe56d8113424306cd1,90,21,#ffffff
5fc17afe56d8113424306cd2,91,21,#ffffff
5fc17afe56d8113424306cd3,92,21,#ffffff
5fc17afe56d8113424306cd4,93,21,#ffffff
5fc17afe56d8113424306cd5,94,21,#ffffff
5fc17afe56d8113424306cd6,95,21,#ffffff
5fc17afe56d8113424306cd7,96,21,#ffffff
5fc17afe56d8113424306cd8,97,21,#ffffff
5fc17afe56d8113424306cd9,98,21,#ffffff
5fc17afe56d8113424306cda,99,21,#ffffff
5fc17afe56d8113424306cdb,100,21,#ffffff
5fc17afe56d8113424306cdc,0,22,#ffffff
5fc17afe56d8113424306cdd,1,22,#ffffff
5fc17afe56d8113424306cde,2,22,#ffffff
5fc17afe56d8113424306cdf,3,22,#ffffff
5fc17afe56d8113424306ce0,4,22,#ffffff
5fc17afe56d8113424306ce1,5,22,#ffffff
5fc17afe56d8113424306ce2,6,22,#ffffff
5fc17afe56d8113424306ce3,7,22,#ffffff
5fc17afe56d8113424306ce4,8,22,#ffffff
5fc17afe56d8113424306ce5,9,22,#ffffff
5fc17afe56d8113424306ce6,10,22,#ffffff
5fc17afe56d8113424306ce7,11,22,#ffffff
5fc17afe56d8113424306ce8,12,22,#ffffff
5fc17afe56d8113424306ce9,13,22,#ffffff
5fc17afe56d8113424306cea,14,22,#ffffff
5fc17afe56d8113424306ceb,15,22,#ffffff
5fc17afe56d8113424306cec,16,22,#ffffff
5fc17afe56d8113424306ced,17,22,#ffffff
5fc17afe56d8113424306cee,18,22,#ffffff
5fc17afe56d8113424306cef,19,22,#ffffff
5fc17afe56d8113424306cf0,20,22,#ffffff
5fc17afe56d8113424306cf1,21,22,#ffffff
5fc17afe56d8113424306cf2,22,22,#ffffff
5fc17afe56d8113424306cf3,23,22,#ffffff
5fc17afe56d8113424306cf4,24,22,#ffffff
5fc17afe56d8113424306cf5,25,22,#ffffff
5fc17afe56d8113424306cf6,26,22,#ffffff
5fc17afe56d8113424306cf7,27,22,#ffffff
5fc17afe56d8113424306cf8,28,22,#ffffff
5fc17afe56d8113424306cf9,29,22,#ffffff
5fc17afe56d8113424306cfa,30,22,#ffffff
5fc17afe56d8113424306cfb,31,22,#ffffff
5fc17afe56d8113424306cfc,32,22,#ffffff
5fc17afe56d8113424306cfd,33,22,#ffffff
5fc17afe56d8113424306cfe,34,22,#ffffff
5fc17afe56d8113424306cff,35,22,#ffffff
5fc17afe56d8113424306d00,36,22,#ffffff
5fc17afe56d8113424306d01,37,22,#ffffff
5fc17afe56d8113424306d02,38,22,#ffffff
5fc17afe56d8113424306d03,39,22,#ffffff
5fc17afe56d8113424306d04,40,22,#ffffff
5fc17afe56d8113424306d05,41,22,#ffffff
5fc17afe56d8113424306d06,42,22,#ffffff
5fc17afe56d8113424306d07,43,22,#ffffff
5fc17afe56d8113424306d08,44,22,#ffffff
5fc17afe56d8113424306d09,45,22,#ffffff
5fc17afe56d8113424306d0a,46,22,#ffffff
5fc17afe56d8113424306d0b,47,22,#ffffff
5fc17afe56d8113424306d0c,48,22,#ffffff
5fc17afe56d8113424306d0d,49,22,#ffffff
5fc17afe56d8113424306d0e,50,22,#ffffff
5fc17afe56d8113424306d0f,51,22,#ffffff
5fc17afe56d8113424306d10,52,22,#ffffff
5fc17afe56d8113424306d11,53,22,#ffffff
5fc17afe56d8113424306d12,54,22,#ffffff
5fc17afe56d8113424306d13,55,22,#ffffff
5fc17afe56d8113424306d14,56,22,#ffffff
5fc17afe56d8113424306d15,57,22,#ffffff
5fc17afe56d8113424306d16,58,22,#ffffff
5fc17afe56d8113424306d17,59,22,#ffffff
5fc17afe56d8113424306d18,60,22,#ffffff
5fc17afe56d8113424306d19,61,22,#ffffff
5fc17afe56d8113424306d1a,62,22,#ffffff
5fc17afe56d8113424306d1b,63,22,#ffffff
5fc17afe56d8113424306d1c,64,22,#ffffff
5fc17afe56d8113424306d1d,65,22,#ffffff
5fc17afe56d8113424306d1e,66,22,#ffffff
5fc17afe56d8113424306d1f,67,22,#ffffff
5fc17afe56d8113424306d20,68,22,#ffffff
5fc17afe56d8113424306d21,69,22,#ffffff
5fc17afe56d8113424306d22,70,22,#ffffff
5fc17afe56d8113424306d23,71,22,#ffffff
5fc17afe56d8113424306d24,72,22,#ffffff
5fc17afe56d8113424306d25,73,22,#ffffff
5fc17afe56d8113424306d26,74,22,#ffffff
5fc17afe56d8113424306d27,75,22,#ffffff
5fc17afe56d8113424306d28,76,22,#ffffff
5fc17afe56d8113424306d29,77,22,#ffffff
5fc17afe56d8113424306d2a,78,22,#ffffff
5fc17afe56d8113424306d2b,79,22,#ffffff
5fc17afe56d8113424306d2c,80,22,#ffffff
5fc17afe56d8113424306d2d,81,22,#ffffff
5fc17afe56d8113424306d2e,82,22,#ffffff
5fc17afe56d8113424306d2f,83,22,#ffffff
5fc17afe56d8113424306d30,84,22,#ffffff
5fc17afe56d8113424306d31,85,22,#ffffff
5fc17afe56d8113424306d32,86,22,#ffffff
5fc17afe56d8113424306d33,87,22,#ffffff
5fc17afe56d8113424306d34,88,22,#ffffff
5fc17afe56d8113424306d35,89,22,#ffffff
5fc17afe56d8113424306d36,90,22,#ffffff
5fc17afe56d8113424306d37,91,22,#ffffff
5fc17afe56d8113424306d38,92,22,#ffffff
5fc17afe56d8113424306d39,93,22,#ffffff
5fc17afe56d8113424306d3a,94,22,#ffffff
5fc17afe56d8113424306d3b,95,22,#ffffff
5fc17afe56d8113424306d3c,96,22,#ffffff
5fc17afe56d8113424306d3d,97,22,#ffffff
5fc17afe56d8113424306d3e,98,22,#ffffff
5fc17afe56d8113424306d3f,99,22,#ffffff
5fc17afe56d8113424306d40,100,22,#ffffff
5fc17afe56d8113424306d41,0,23,#ffffff
5fc17afe56d8113424306d42,1,23,#ffffff
5fc17afe56d8113424306d43,2,23,#ffffff
5fc17afe56d8113424306d44,3,23,#ffffff
5fc17afe56d8113424306d45,4,23,#ffffff
5fc17afe56d8113424306d46,5,23,#ffffff
5fc17afe56d8113424306d47,6,23,#ffffff
5fc17afe56d8113424306d48,7,23,#ffffff
5fc17afe56d8113424306d49,8,23,#ffffff
5fc17afe56d8113424306d4a,9,23,#ffffff
5fc17afe56d8113424306d4b,10,23,#ffffff
5fc17afe56d8113424306d4c,11,23,#ffffff
5fc17afe56d8113424306d4d,12,23,#ffffff
5fc17afe56d8113424306d4e,13,23,#ffffff
5fc17afe56d8113424306d4f,14,23,#ffffff
5fc17afe56d8113424306d50,15,23,#ffffff
5fc17afe56d8113424306d51,16,23,#ffffff
5fc17afe56d8113424306d52,17,23,#ffffff
5fc17afe56d8113424306d53,18,23,#ffffff
5fc17afe56d8113424306d54,19,23,#ffffff
5fc17afe56d8113424306d55,20,23,#ffffff
5fc17afe56d8113424306d56,21,23,#ffffff
5fc17afe56d8113424306d57,22,23,#ffffff
5fc17afe56d8113424306d58,23,23,#ffffff
5fc17afe56d8113424306d59,24,23,#ffffff
5fc17afe56d8113424306d5a,25,23,#ffffff
5fc17afe56d8113424306d5b,26,23,#ffffff
5fc17afe56d8113424306d5c,27,23,#ffffff
5fc17afe56d8113424306d5d,28,23,#ffffff
5fc17afe56d8113424306d5e,29,23,#ffffff
5fc17afe56d8113424306d5f,30,23,#ffffff
5fc17afe56d8113424306d60,31,23,#ffffff
5fc17afe56d8113424306d61,32,23,#ffffff
5fc17afe56d8113424306d62,33,23,#ffffff
5fc17afe56d8113424306d63,34,23,#ffffff
5fc17afe56d8113424306d64,35,23,#ffffff
5fc17afe56d8113424306d65,36,23,#ffffff
5fc17afe56d8113424306d66,37,23,#ffffff
5fc17afe56d8113424306d67,38,23,#ffffff
5fc17afe56d8113424306d68,39,23,#ffffff
5fc17afe56d8113424306d69,40,23,#ffffff
5fc17afe56d8113424306d6a,41,23,#ffffff
5fc17afe56d8113424306d6b,42,23,#ffffff
5fc17afe56d8113424306d6c,43,23,#ffffff
5fc17afe56d8113424306d6d,44,23,#ffffff
5fc17afe56d8113424306d6e,45,23,#ffffff
5fc17afe56d8113424306d6f,46,23,#ffffff
5fc17afe56d8113424306d70,47,23,#ffffff
5fc17afe56d8113424306d71,48,23,#ffffff
5fc17afe56d8113424306d72,49,23,#ffffff
5fc17afe56d8113424306d73,50,23,#ffffff
5fc17afe56d8113424306d74,51,23,#ffffff
5fc17afe56d8113424306d75,52,23,#ffffff
5fc17afe56d8113424306d76,53,23,#ffffff
5fc17afe56d8113424306d77,54,23,#ffffff
5fc17afe56d8113424306d78,55,23,#ffffff
5fc17afe56d8113424306d79,56,23,#ffffff
5fc17afe56d8113424306d7a,57,23,#ffffff
5fc17afe56d8113424306d7b,58,23,#ffffff
5fc17afe56d8113424306d7c,59,23,#ffffff
5fc17afe56d8113424306d7d,60,23,#ffffff
5fc17afe56d8113424306d7e,61,23,#ffffff
5fc17afe56d8113424306d7f,62,23,#ffffff
5fc17afe56d8113424306d80,63,23,#ffffff
5fc17afe56d8113424306d81,64,23,#ffffff
5fc17afe56d8113424306d82,65,23,#ffffff
5fc17afe56d8113424306d83,66,23,#ffffff
5fc17afe56d8113424306d84,67,23,#ffffff
5fc17afe56d8113424306d85,68,23,#ffffff
5fc17afe56d8113424306d86,69,23,#ffffff
5fc17afe56d8113424306d87,70,23,#ffffff
5fc17afe56d8113424306d88,71,23,#ffffff
5fc17afe56d8113424306d89,72,23,#ffffff
5fc17afe56d8113424306d8a,73,23,#ffffff
5fc17afe56d8113424306d8b,74,23,#ffffff
5fc17afe56d8113424306d8c,75,23,#ffffff
5fc17afe56d8113424306d8d,76,23,#ffffff
5fc17afe56d8113424306d8e,77,23,#ffffff
5fc17afe56d8113424306d8f,78,23,#ffffff
5fc17afe56d8113424306d90,79,23,#ffffff
5fc17afe56d8113424306d91,80,23,#ffffff
5fc17afe56d8113424306d92,81,23,#ffffff
5fc17afe56d8113424306d93,82,23,#ffffff
5fc17afe56d8113424306d94,83,23,#ffffff
5fc17afe56d8113424306d95,84,23,#ffffff
5fc17afe56d8113424306d96,85,23,#ffffff
5fc17afe56d8113424306d97,86,23,#ffffff
5fc17afe56d8113424306d98,87,23,#ffffff
5fc17afe56d8113424306d99,88,23,#ffffff
5fc17afe56d8113424306d9a,89,23,#ffffff
5fc17afe56d8113424306d9b,90,23,#ffffff
5fc17afe56d8113424306d9c,91,23,#ffffff
5fc17afe56d8113424306d9d,92,23,#ffffff
5fc17afe56d8113424306d9e,93,23,#ffffff
5fc17afe56d8113424306d9f,94,23,#ffffff
5fc17afe56d8113424306da0,95,23,#ffffff
5fc17afe56d8113424306da1,96,23,#ffffff
5fc17afe56d8113424306da2,97,23,#ffffff
5fc17afe56d8113424306da3,98,23,#ffffff
5fc17afe56d8113424306da4,99,23,#ffffff
5fc17afe56d8113424306da5,100,23,#ffffff
5fc17afe56d8113424306da6,0,24,#ffffff
5fc17afe56d8113424306da7,1,24,#ffffff
5fc17afe56d8113424306da8,2,24,#ffffff
5fc17afe56d8113424306da9,3,24,#ffffff
5fc17afe56d8113424306daa,4,24,#ffffff
5fc17afe56d8113424306dab,5,24,#ffffff
5fc17afe56d8113424306dac,6,24,#ffffff
5fc17afe56d8113424306dad,7,24,#ffffff
5fc17afe56d8113424306dae,8,24,#ffffff
5fc17afe56d8113424306daf,9,24,#ffffff
5fc17afe56d8113424306db0,10,24,#ffffff
5fc17afe56d8113424306db1,11,24,#ffffff
5fc17afe56d8113424306db2,12,24,#ffffff
5fc17afe56d8113424306db3,13,24,#ffffff
5fc17afe56d8113424306db4,14,24,#ffffff
5fc17afe56d8113424306db5,15,24,#ffffff
5fc17afe56d8113424306db6,16,24,#ffffff
5fc17afe56d8113424306db7,17,24,#ffffff
5fc17afe56d8113424306db8,18,24,#ffffff
5fc17afe56d8113424306db9,19,24,#ffffff
5fc17afe56d8113424306dba,20,24,#ffffff
5fc17afe56d8113424306dbb,21,24,#ffffff
5fc17afe56d8113424306dbc,22,24,#ffffff
5fc17afe56d8113424306dbd,23,24,#ffffff
5fc17afe56d8113424306dbe,24,24,#ffffff
5fc17afe56d8113424306dbf,25,24,#ffffff
5fc17afe56d8113424306dc0,26,24,#ffffff
5fc17afe56d8113424306dc1,27,24,#ffffff
5fc17afe56d8113424306dc2,28,24,#ffffff
5fc17afe56d8113424306dc3,29,24,#ffffff
5fc17afe56d8113424306dc4,30,24,#ffffff
5fc17afe56d8113424306dc5,31,24,#ffffff
5fc17afe56d8113424306dc6,32,24,#ffffff
5fc17afe56d8113424306dc7,33,24,#ffffff
5fc17afe56d8113424306dc8,34,24,#ffffff
5fc17afe56d8113424306dc9,35,24,#ffffff
5fc17afe56d8113424306dca,36,24,#ffffff
5fc17afe56d8113424306dcb,37,24,#ffffff
5fc17afe56d8113424306dcc,38,24,#ffffff
5fc17afe56d8113424306dcd,39,24,#ffffff
5fc17afe56d8113424306dce,40,24,#ffffff
5fc17afe56d8113424306dcf,41,24,#ffffff
5fc17afe56d8113424306dd0,42,24,#ffffff
5fc17afe56d8113424306dd1,43,24,#ffffff
5fc17afe56d8113424306dd2,44,24,#ffffff
5fc17afe56d8113424306dd3,45,24,#ffffff
5fc17afe56d8113424306dd4,46,24,#ffffff
5fc17afe56d8113424306dd5,47,24,#ffffff
5fc17afe56d8113424306dd6,48,24,#ffffff
5fc17afe56d8113424306dd7,49,24,#ffffff
5fc17afe56d8113424306dd8,50,24,#ffffff
5fc17afe56d8113424306dd9,51,24,#ffffff
5fc17afe56d8113424306dda,52,24,#ffffff
5fc17afe56d8113424306ddb,53,24,#ffffff
5fc17afe56d8113424306ddc,54,24,#ffffff
5fc17afe56d8113424306ddd,55,24,#ffffff
5fc17afe56d8113424306dde,56,24,#ffffff
5fc17afe56d8113424306ddf,57,24,#ffffff
5fc17afe56d8113424306de0,58,24,#ffffff
5fc17afe56d8113424306de1,59,24,#ffffff
5fc17afe56d8113424306de2,60,24,#ffffff
5fc17afe56d8113424306de3,61,24,#ffffff
5fc17afe56d8113424306de4,62,24,#ffffff
5fc17afe56d8113424306de5,63,24,#ffffff
5fc17afe56d8113424306de6,64,24,#ffffff
5fc17afe56d8113424306de7,65,24,#ffffff
5fc17afe56d8113424306de8,66,24,#ffffff
5fc17afe56d8113424306de9,67,24,#ffffff
5fc17afe56d8113424306dea,68,24,#ffffff
5fc17afe56d8113424306deb,69,24,#ffffff
5fc17afe56d8113424306dec,70,24,#ffffff
5fc17afe56d8113424306ded,71,24,#ffffff
5fc17afe56d8113424306dee,72,24,#ffffff
5fc17afe56d8113424306def,73,24,#ffffff
5fc17afe56d8113424306df0,74,24,#ffffff
5fc17afe56d8113424306df1,75,24,#ffffff
5fc17afe56d8113424306df2,76,24,#ffffff
5fc17afe56d8113424306df3,77,24,#ffffff
5fc17afe56d8113424306df4,78,24,#ffffff
5fc17afe56d8113424306df5,79,24,#ffffff
5fc17afe56d8113424306df6,80,24,#ffffff
5fc17afe56d8113424306df7,81,24,#ffffff
5fc17afe56d8113424306df8,82,24,#ffffff
5fc17afe56d8113424306df9,83,24,#ffffff
5fc17afe56d8113424306dfa,84,24,#ffffff
5fc17afe56d8113424306dfb,85,24,#ffffff
5fc17afe56d8113424306dfc,86,24,#ffffff
5fc17afe56d8113424306dfd,87,24,#ffffff
5fc17afe56d8113424306dfe,88,24,#ffffff
5fc17afe56d8113424306dff,89,24,#ffffff
5fc17afe56d8113424306e00,90,24,#ffffff
5fc17afe56d8113424306e01,91,24,#ffffff
5fc17afe56d8113424306e02,92,24,#ffffff
5fc17afe56d8113424306e03,93,24,#ffffff
5fc17afe56d8113424306e04,94,24,#ffffff
5fc17afe56d8113424306e05,95,24,#ffffff
5fc17afe56d8113424306e06,96,24,#ffffff
5fc17afe56d8113424306e07,97,24,#ffffff
5fc17afe56d8113424306e08,98,24,#ffffff
5fc17afe56d8113424306e09,99,24,#ffffff
5fc17afe56d8113424306e0a,100,24,#ffffff
5fc17afe56d8113424306e0b,0,25,#ffffff
5fc17afe56d8113424306e0c,1,25,#ffffff
5fc17afe56d8113424306e0d,2,25,#ffffff
5fc17afe56d8113424306e0e,3,25,#ffffff
5fc17afe56d8113424306e0f,4,25,#ffffff
5fc17afe56d8113424306e10,5,25,#ffffff
5fc17afe56d8113424306e11,6,25,#ffffff
5fc17afe56d8113424306e12,7,25,#ffffff
5fc17afe56d8113424306e13,8,25,#ffffff
5fc17afe56d8113424306e14,9,25,#ffffff
5fc17afe56d8113424306e15,10,25,#ffffff
5fc17afe56d8113424306e16,11,25,#ffffff
5fc17afe56d8113424306e17,12,25,#ffffff
5fc17afe56d8113424306e18,13,25,#ffffff
5fc17afe56d8113424306e19,14,25,#ffffff
5fc17afe56d8113424306e1a,15,25,#ffffff
5fc17afe56d8113424306e1b,16,25,#ffffff
5fc17afe56d8113424306e1c,17,25,#ffffff
5fc17afe56d8113424306e1d,18,25,#ffffff
5fc17afe56d8113424306e1e,19,25,#ffffff
5fc17afe56d8113424306e1f,20,25,#ffffff
5fc17afe56d8113424306e20,21,25,#ffffff
5fc17afe56d8113424306e21,22,25,#ffffff
5fc17afe56d8113424306e22,23,25,#ffffff
5fc17afe56d8113424306e23,24,25,#ffffff
5fc17afe56d8113424306e24,25,25,#ffffff
5fc17afe56d8113424306e25,26,25,#ffffff
5fc17afe56d8113424306e26,27,25,#ffffff
5fc17afe56d8113424306e27,28,25,#ffffff
5fc17afe56d8113424306e28,29,25,#ffffff
5fc17afe56d8113424306e29,30,25,#ffffff
5fc17afe56d8113424306e2a,31,25,#ffffff
5fc17afe56d8113424306e2b,32,25,#ffffff
5fc17afe56d8113424306e2c,33,25,#ffffff
5fc17afe56d8113424306e2d,34,25,#ffffff
5fc17afe56d8113424306e2e,35,25,#ffffff
5fc17afe56d8113424306e2f,36,25,#ffffff
5fc17afe56d8113424306e30,37,25,#ffffff
5fc17afe56d8113424306e31,38,25,#ffffff
5fc17afe56d8113424306e32,39,25,#ffffff
5fc17afe56d8113424306e33,40,25,#ffffff
5fc17afe56d8113424306e34,41,25,#ffffff
5fc17afe56d8113424306e35,42,25,#ffffff
5fc17afe56d8113424306e36,43,25,#ffffff
5fc17afe56d8113424306e37,44,25,#ffffff
5fc17afe56d8113424306e38,45,25,#ffffff
5fc17afe56d8113424306e39,46,25,#ffffff
5fc17afe56d8113424306e3a,47,25,#ffffff
5fc17afe56d8113424306e3b,48,25,#ffffff
5fc17afe56d8113424306e3c,49,25,#ffffff
5fc17afe56d8113424306e3d,50,25,#ffffff
5fc17afe56d8113424306e3e,51,25,#ffffff
5fc17afe56d8113424306e3f,52,25,#ffffff
5fc17afe56d8113424306e40,53,25,#ffffff
5fc17afe56d8113424306e41,54,25,#ffffff
5fc17afe56d8113424306e42,55,25,#ffffff
5fc17afe56d8113424306e43,56,25,#ffffff
5fc17afe56d8113424306e44,57,25,#ffffff
5fc17afe56d8113424306e45,58,25,#ffffff
5fc17afe56d8113424306e46,59,25,#ffffff
5fc17afe56d8113424306e47,60,25,#ffffff
5fc17afe56d8113424306e48,61,25,#ffffff
5fc17afe56d8113424306e49,62,25,#ffffff
5fc17afe56d8113424306e4a,63,25,#ffffff
5fc17afe56d8113424306e4b,64,25,#ffffff
5fc17afe56d8113424306e4c,65,25,#ffffff
5fc17afe56d8113424306e4d,66,25,#ffffff
5fc17afe56d8113424306e4e,67,25,#ffffff
5fc17afe56d8113424306e4f,68,25,#ffffff
5fc17afe56d8113424306e50,69,25,#ffffff
5fc17afe56d8113424306e51,70,25,#ffffff
5fc17afe56d8113424306e52,71,25,#ffffff
5fc17afe56d8113424306e53,72,25,#ffffff
5fc17afe56d8113424306e54,73,25,#ffffff
5fc17afe56d8113424306e55,74,25,#ffffff
5fc17afe56d8113424306e56,75,25,#ffffff
5fc17afe56d8113424306e57,76,25,#ffffff
5fc17afe56d8113424306e58,77,25,#ffffff
5fc17afe56d8113424306e59,78,25,#ffffff
5fc17afe56d8113424306e5a,79,25,#ffffff
5fc17afe56d8113424306e5b,80,25,#ffffff
5fc17afe56d8113424306e5c,81,25,#ffffff
5fc17afe56d8113424306e5d,82,25,#ffffff
5fc17afe56d8113424306e5e,83,25,#ffffff
5fc17afe56d8113424306e5f,84,25,#ffffff
5fc17afe56d8113424306e60,85,25,#ffffff
5fc17afe56d8113424306e61,86,25,#ffffff
5fc17afe56d8113424306e62,87,25,#ffffff
5fc17afe56d8113424306e63,88,25,#ffffff
5fc17afe56d8113424306e64,89,25,#ffffff
5fc17afe56d8113424306e65,90,25,#ffffff
5fc17afe56d8113424306e66,91,25,#ffffff
5fc17afe56d8113424306e67,92,25,#ffffff
5fc17afe56d8113424306e68,93,25,#ffffff
5fc17afe56d8113424306e69,94,25,#ffffff
5fc17afe56d8113424306e6a,95,25,#ffffff
5fc17afe56d8113424306e6b,96,25,#ffffff
5fc17afe56d8113424306e6c,97,25,#ffffff
5fc17afe56d8113424306e6d,98,25,#ffffff
5fc17afe56d8113424306e6e,99,25,#ffffff
5fc17afe56d8113424306e6f,100,25,#ffffff
5fc17afe56d8113424306e70,0,26,#ffffff
5fc17afe56d8113424306e71,1,26,#ffffff
5fc17afe56d8113424306e72,2,26,#ffffff
5fc17afe56d8113424306e73,3,26,#ffffff
5fc17afe56d8113424306e74,4,26,#ffffff
5fc17afe56d8113424306e75,5,26,#ffffff
5fc17afe56d8113424306e76,6,26,#ffffff
5fc17afe56d8113424306e77,7,26,#ffffff
5fc17afe56d8113424306e78,8,26,#ffffff
5fc17afe56d8113424306e79,9,26,#ffffff
5fc17afe56d8113424306e7a,10,26,#ffffff
5fc17afe56d8113424306e7b,11,26,#ffffff
5fc17afe56d8113424306e7c,12,26,#ffffff
5fc17afe56d8113424306e7d,13,26,#ffffff
5fc17afe56d8113424306e7e,14,26,#ffffff
5fc17afe56d8113424306e7f,15,26,#ffffff
5fc17afe56d8113424306e80,16,26,#ffffff
5fc17afe56d8113424306e81,17,26,#ffffff
5fc17afe56d8113424306e82,18,26,#ffffff
5fc17afe56d8113424306e83,19,26,#ffffff
5fc17afe56d8113424306e84,20,26,#ffffff
5fc17afe56d8113424306e85,21,26,#ffffff
5fc17afe56d8113424306e86,22,26,#ffffff
5fc17afe56d8113424306e87,23,26,#ffffff
5fc17afe56d8113424306e88,24,26,#ffffff
5fc17afe56d8113424306e89,25,26,#ffffff
5fc17afe56d8113424306e8a,26,26,#ffffff
5fc17afe56d8113424306e8b,27,26,#ffffff
5fc17afe56d8113424306e8c,28,26,#ffffff
5fc17afe56d8113424306e8d,29,26,#ffffff
5fc17afe56d8113424306e8e,30,26,#ffffff
5fc17afe56d8113424306e8f,31,26,#ffffff
5fc17afe56d8113424306e90,32,26,#ffffff
5fc17afe56d8113424306e91,33,26,#ffffff
5fc17afe56d8113424306e92,34,26,#ffffff
5fc17afe56d8113424306e93,35,26,#ffffff
5fc17afe56d8113424306e94,36,26,#ffffff
5fc17afe56d8113424306e95,37,26,#ffffff
5fc17afe56d8113424306e96,38,26,#ffffff
5fc17afe56d8113424306e97,39,26,#ffffff
5fc17afe56d8113424306e98,40,26,#ffffff
5fc17afe56d8113424306e99,41,26,#ffffff
5fc17afe56d8113424306e9a,42,26,#ffffff
5fc17afe56d8113424306e9b,43,26,#ffffff
5fc17afe56d8113424306e9c,44,26,#ffffff
5fc17afe56d8113424306e9d,45,26,#ffffff
5fc17afe56d8113424306e9e,46,26,#ffffff
5fc17afe56d8113424306e9f,47,26,#ffffff
5fc17afe56d8113424306ea0,48,26,#ffffff
5fc17afe56d8113424306ea1,49,26,#ffffff
5fc17afe56d8113424306ea2,50,26,#ffffff
5fc17afe56d8113424306ea3,51,26,#ffffff
5fc17afe56d8113424306ea4,52,26,#ffffff
5fc17afe56d8113424306ea5,53,26,#ffffff
5fc17afe56d8113424306ea6,54,26,#ffffff
5fc17afe56d8113424306ea7,55,26,#ffffff
5fc17afe56d8113424306ea8,56,26,#ffffff
5fc17afe56d8113424306ea9,57,26,#ffffff
5fc17afe56d8113424306eaa,58,26,#ffffff
5fc17afe56d8113424306eab,59,26,#ffffff
5fc17afe56d8113424306eac,60,26,#ffffff
5fc17afe56d8113424306ead,61,26,#ffffff
5fc17afe56d8113424306eae,62,26,#ffffff
5fc17afe56d8113424306eaf,63,26,#ffffff
5fc17afe56d8113424306eb0,64,26,#ffffff
5fc17afe56d8113424306eb1,65,26,#ffffff
5fc17afe56d8113424306eb2,66,26,#ffffff
5fc17afe56d8113424306eb3,67,26,#ffffff
5fc17afe56d8113424306eb4,68,26,#ffffff
5fc17afe56d8113424306eb5,69,26,#ffffff
5fc17afe56d8113424306eb6,70,26,#ffffff
5fc17afe56d8113424306eb7,71,26,#ffffff
5fc17afe56d8113424306eb8,72,26,#ffffff
5fc17afe56d8113424306eb9,73,26,#ffffff
5fc17afe56d8113424306eba,74,26,#ffffff
5fc17afe56d8113424306ebb,75,26,#ffffff
5fc17afe56d8113424306ebc,76,26,#ffffff
5fc17afe56d8113424306ebd,77,26,#ffffff
5fc17afe56d8113424306ebe,78,26,#ffffff
5fc17afe56d8113424306ebf,79,26,#ffffff
5fc17afe56d8113424306ec0,80,26,#ffffff
5fc17afe56d8113424306ec1,81,26,#ffffff
5fc17afe56d8113424306ec2,82,26,#ffffff
5fc17afe56d8113424306ec3,83,26,#ffffff
5fc17afe56d8113424306ec4,84,26,#ffffff
5fc17afe56d8113424306ec5,85,26,#ffffff
5fc17afe56d8113424306ec6,86,26,#ffffff
5fc17afe56d8113424306ec7,87,26,#ffffff
5fc17afe56d8113424306ec8,88,26,#ffffff
5fc17afe56d8113424306ec9,89,26,#ffffff
5fc17afe56d8113424306eca,90,26,#ffffff
5fc17afe56d8113424306ecb,91,26,#ffffff
5fc17afe56d8113424306ecc,92,26,#ffffff
5fc17afe56d8113424306ecd,93,26,#ffffff
5fc17afe56d8113424306ece,94,26,#ffffff
5fc17afe56d8113424306ecf,95,26,#ffffff
5fc17afe56d8113424306ed0,96,26,#ffffff
5fc17afe56d8113424306ed1,97,26,#ffffff
5fc17afe56d8113424306ed2,98,26,#ffffff
5fc17afe56d8113424306ed3,99,26,#ffffff
5fc17afe56d8113424306ed4,100,26,#ffffff
5fc17afe56d8113424306ed5,0,27,#ffffff
5fc17afe56d8113424306ed6,1,27,#ffffff
5fc17afe56d8113424306ed7,2,27,#ffffff
5fc17afe56d8113424306ed8,3,27,#ffffff
5fc17afe56d8113424306ed9,4,27,#ffffff
5fc17afe56d8113424306eda,5,27,#ffffff
5fc17afe56d8113424306edb,6,27,#ffffff
5fc17afe56d8113424306edc,7,27,#ffffff
5fc17afe56d8113424306edd,8,27,#ffffff
5fc17afe56d8113424306ede,9,27,#ffffff
5fc17afe56d8113424306edf,10,27,#ffffff
5fc17afe56d8113424306ee0,11,27,#ffffff
5fc17afe56d8113424306ee1,12,27,#ffffff
5fc17afe56d8113424306ee2,13,27,#ffffff
5fc17afe56d8113424306ee3,14,27,#ffffff
5fc17afe56d8113424306ee4,15,27,#ffffff
5fc17afe56d8113424306ee5,16,27,#ffffff
5fc17afe56d8113424306ee6,17,27,#ffffff
5fc17afe56d8113424306ee7,18,27,#ffffff
5fc17afe56d8113424306ee8,19,27,#ffffff
5fc17afe56d8113424306ee9,20,27,#ffffff
5fc17afe56d8113424306eea,21,27,#ffffff
5fc17afe56d8113424306eeb,22,27,#ffffff
5fc17afe56d8113424306eec,23,27,#ffffff
5fc17afe56d8113424306eed,24,27,#ffffff
5fc17afe56d8113424306eee,25,27,#ffffff
5fc17afe56d8113424306eef,26,27,#ffffff
5fc17afe56d8113424306ef0,27,27,#ffffff
5fc17afe56d8113424306ef1,28,27,#ffffff
5fc17afe56d8113424306ef2,29,27,#ffffff
5fc17afe56d8113424306ef3,30,27,#ffffff
5fc17afe56d8113424306ef4,31,27,#ffffff
5fc17afe56d8113424306ef5,32,27,#ffffff
5fc17afe56d8113424306ef6,33,27,#ffffff
5fc17afe56d8113424306ef7,34,27,#ffffff
5fc17afe56d8113424306ef8,35,27,#ffffff
5fc17afe56d8113424306ef9,36,27,#ffffff
5fc17afe56d8113424306efa,37,27,#ffffff
5fc17afe56d8113424306efb,38,27,#ffffff
5fc17afe56d8113424306efc,39,27,#ffffff
5fc17afe56d8113424306efd,40,27,#ffffff
5fc17afe56d8113424306efe,41,27,#ffffff
5fc17afe56d8113424306eff,42,27,#ffffff
5fc17afe56d8113424306f00,43,27,#ffffff
5fc17afe56d8113424306f01,44,27,#ffffff
5fc17afe56d8113424306f02,45,27,#ffffff
5fc17afe56d8113424306f03,46,27,#ffffff
5fc17afe56d8113424306f04,47,27,#ffffff
5fc17afe56d8113424306f05,48,27,#ffffff
5fc17afe56d8113424306f06,49,27,#ffffff
5fc17afe56d8113424306f07,50,27,#ffffff
5fc17afe56d8113424306f08,51,27,#ffffff
5fc17afe56d8113424306f09,52,27,#ffffff
5fc17afe56d8113424306f0a,53,27,#ffffff
5fc17afe56d8113424306f0b,54,27,#ffffff
5fc17afe56d8113424306f0c,55,27,#ffffff
5fc17afe56d8113424306f0d,56,27,#ffffff
5fc17afe56d8113424306f0e,57,27,#ffffff
5fc17afe56d8113424306f0f,58,27,#ffffff
5fc17afe56d8113424306f10,59,27,#ffffff
5fc17afe56d8113424306f11,60,27,#ffffff
5fc17afe56d8113424306f12,61,27,#ffffff
5fc17afe56d8113424306f13,62,27,#ffffff
5fc17afe56d8113424306f14,63,27,#ffffff
5fc17afe56d8113424306f15,64,27,#ffffff
5fc17afe56d8113424306f16,65,27,#ffffff
5fc17afe56d8113424306f17,66,27,#ffffff
5fc17afe56d8113424306f18,67,27,#ffffff
5fc17afe56d8113424306f19,68,27,#ffffff
5fc17afe56d8113424306f1a,69,27,#ffffff
5fc17afe56d8113424306f1b,70,27,#ffffff
5fc17afe56d8113424306f1c,71,27,#ffffff
5fc17afe56d8113424306f1d,72,27,#ffffff
5fc17afe56d8113424306f1e,73,27,#ffffff
5fc17afe56d8113424306f1f,74,27,#ffffff
5fc17afe56d8113424306f20,75,27,#ffffff
5fc17afe56d8113424306f21,76,27,#ffffff
5fc17afe56d8113424306f22,77,27,#ffffff
5fc17afe56d8113424306f23,78,27,#ffffff
5fc17afe56d8113424306f24,79,27,#ffffff
5fc17afe56d8113424306f25,80,27,#ffffff
5fc17afe56d8113424306f26,81,27,#ffffff
5fc17afe56d8113424306f27,82,27,#ffffff
5fc17afe56d8113424306f28,83,27,#ffffff
5fc17afe56d8113424306f29,84,27,#ffffff
5fc17afe56d8113424306f2a,85,27,#ffffff
5fc17afe56d8113424306f2b,86,27,#ffffff
5fc17afe56d8113424306f2c,87,27,#ffffff
5fc17afe56d8113424306f2d,88,27,#ffffff
5fc17afe56d8113424306f2e,89,27,#ffffff
5fc17afe56d8113424306f2f,90,27,#ffffff
5fc17afe56d8113424306f30,91,27,#ffffff
5fc17afe56d8113424306f31,92,27,#ffffff
5fc17afe56d8113424306f32,93,27,#ffffff
5fc17afe56d8113424306f33,94,27,#ffffff
5fc17afe56d8113424306f34,95,27,#ffffff
5fc17afe56d8113424306f35,96,27,#ffffff
5fc17afe56d8113424306f36,97,27,#ffffff
5fc17afe56d8113424306f37,98,27,#ffffff
5fc17afe56d8113424306f38,99,27,#ffffff
5fc17afe56d8113424306f39,100,27,#ffffff
5fc17afe56d8113424306f3a,0,28,#ffffff
5fc17afe56d8113424306f3b,1,28,#ffffff
5fc17afe56d8113424306f3c,2,28,#ffffff
5fc17afe56d8113424306f3d,3,28,#ffffff
5fc17afe56d8113424306f3e,4,28,#ffffff
5fc17afe56d8113424306f3f,5,28,#ffffff
5fc17afe56d8113424306f40,6,28,#ffffff
5fc17afe56d8113424306f41,7,28,#ffffff
5fc17afe56d8113424306f42,8,28,#ffffff
5fc17afe56d8113424306f43,9,28,#ffffff
5fc17afe56d8113424306f44,10,28,#ffffff
5fc17afe56d8113424306f45,11,28,#ffffff
5fc17afe56d8113424306f46,12,28,#ffffff
5fc17afe56d8113424306f47,13,28,#ffffff
5fc17afe56d8113424306f48,14,28,#ffffff
5fc17afe56d8113424306f49,15,28,#ffffff
5fc17afe56d8113424306f4a,16,28,#ffffff
5fc17afe56d8113424306f4b,17,28,#ffffff
5fc17afe56d8113424306f4c,18,28,#ffffff
5fc17afe56d8113424306f4d,19,28,#ffffff
5fc17afe56d8113424306f4e,20,28,#ffffff
5fc17afe56d8113424306f4f,21,28,#ffffff
5fc17afe56d8113424306f50,22,28,#ffffff
5fc17afe56d8113424306f51,23,28,#ffffff
5fc17afe56d8113424306f52,24,28,#ffffff
5fc17afe56d8113424306f53,25,28,#ffffff
5fc17afe56d8113424306f54,26,28,#ffffff
5fc17afe56d8113424306f55,27,28,#ffffff
5fc17afe56d8113424306f56,28,28,#ffffff
5fc17afe56d8113424306f57,29,28,#ffffff
5fc17afe56d8113424306f58,30,28,#ffffff
5fc17afe56d8113424306f59,31,28,#ffffff
5fc17afe56d8113424306f5a,32,28,#ffffff
5fc17afe56d8113424306f5b,33,28,#ffffff
5fc17afe56d8113424306f5c,34,28,#ffffff
5fc17afe56d8113424306f5d,35,28,#ffffff
5fc17afe56d8113424306f5e,36,28,#ffffff
5fc17afe56d8113424306f5f,37,28,#ffffff
5fc17afe56d8113424306f60,38,28,#ffffff
5fc17afe56d8113424306f61,39,28,#ffffff
5fc17afe56d8113424306f62,40,28,#ffffff
5fc17afe56d8113424306f63,41,28,#ffffff
5fc17afe56d8113424306f64,42,28,#ffffff
5fc17afe56d8113424306f65,43,28,#ffffff
5fc17afe56d8113424306f66,44,28,#ffffff
5fc17afe56d8113424306f67,45,28,#ffffff
5fc17afe56d8113424306f68,46,28,#ffffff
5fc17afe56d8113424306f69,47,28,#ffffff
5fc17afe56d8113424306f6a,48,28,#ffffff
5fc17afe56d8113424306f6b,49,28,#ffffff
5fc17afe56d8113424306f6c,50,28,#ffffff
5fc17afe56d8113424306f6d,51,28,#ffffff
5fc17afe56d8113424306f6e,52,28,#ffffff
5fc17afe56d8113424306f6f,53,28,#ffffff
5fc17afe56d8113424306f70,54,28,#ffffff
5fc17afe56d8113424306f71,55,28,#ffffff
5fc17afe56d8113424306f72,56,28,#ffffff
5fc17afe56d8113424306f73,57,28,#ffffff
5fc17afe56d8113424306f74,58,28,#ffffff
5fc17afe56d8113424306f75,59,28,#ffffff
5fc17afe56d8113424306f76,60,28,#ffffff
5fc17afe56d8113424306f77,61,28,#ffffff
5fc17afe56d8113424306f78,62,28,#ffffff
5fc17afe56d8113424306f79,63,28,#ffffff
5fc17afe56d8113424306f7a,64,28,#ffffff
5fc17afe56d8113424306f7b,65,28,#ffffff
5fc17afe56d8113424306f7c,66,28,#ffffff
5fc17afe56d8113424306f7d,67,28,#ffffff
5fc17afe56d8113424306f7e,68,28,#ffffff
5fc17afe56d8113424306f7f,69,28,#ffffff
5fc17afe56d8113424306f80,70,28,#ffffff
5fc17afe56d8113424306f81,71,28,#ffffff
5fc17afe56d8113424306f82,72,28,#ffffff
5fc17afe56d8113424306f83,73,28,#ffffff
5fc17afe56d8113424306f84,74,28,#ffffff
5fc17afe56d8113424306f85,75,28,#ffffff
5fc17afe56d8113424306f86,76,28,#ffffff
5fc17afe56d8113424306f87,77,28,#ffffff
5fc17afe56d8113424306f88,78,28,#ffffff
5fc17afe56d8113424306f89,79,28,#ffffff
5fc17afe56d8113424306f8a,80,28,#ffffff
5fc17afe56d8113424306f8b,81,28,#ffffff
5fc17afe56d8113424306f8c,82,28,#ffffff
5fc17afe56d8113424306f8d,83,28,#ffffff
5fc17afe56d8113424306f8e,84,28,#ffffff
5fc17afe56d8113424306f8f,85,28,#ffffff
5fc17afe56d8113424306f90,86,28,#ffffff
5fc17afe56d8113424306f91,87,28,#ffffff
5fc17afe56d8113424306f92,88,28,#ffffff
5fc17afe56d8113424306f93,89,28,#ffffff
5fc17afe56d8113424306f94,90,28,#ffffff
5fc17afe56d8113424306f95,91,28,#ffffff
5fc17afe56d8113424306f96,92,28,#ffffff
5fc17afe56d8113424306f97,93,28,#ffffff
5fc17afe56d8113424306f98,94,28,#ffffff
5fc17afe56d8113424306f99,95,28,#ffffff
5fc17afe56d8113424306f9a,96,28,#ffffff
5fc17afe56d8113424306f9b,97,28,#ffffff
5fc17afe56d8113424306f9c,98,28,#ffffff
5fc17afe56d8113424306f9d,99,28,#ffffff
5fc17afe56d8113424306f9e,100,28,#ffffff
5fc17afe56d8113424306f9f,0,29,#ffffff
5fc17afe56d8113424306fa0,1,29,#ffffff
5fc17afe56d8113424306fa1,2,29,#ffffff
5fc17afe56d8113424306fa2,3,29,#ffffff
5fc17afe56d8113424306fa3,4,29,#ffffff
5fc17afe56d8113424306fa4,5,29,#ffffff
5fc17afe56d8113424306fa5,6,29,#ffffff
5fc17afe56d8113424306fa6,7,29,#ffffff
5fc17afe56d8113424306fa7,8,29,#ffffff
5fc17afe56d8113424306fa8,9,29,#ffffff
5fc17afe56d8113424306fa9,10,29,#ffffff
5fc17afe56d8113424306faa,11,29,#ffffff
5fc17afe56d8113424306fab,12,29,#ffffff
5fc17afe56d8113424306fac,13,29,#ffffff
5fc17afe56d8113424306fad,14,29,#ffffff
5fc17afe56d8113424306fae,15,29,#ffffff
5fc17afe56d8113424306faf,16,29,#ffffff
5fc17afe56d8113424306fb0,17,29,#ffffff
5fc17afe56d8113424306fb1,18,29,#ffffff
5fc17afe56d8113424306fb2,19,29,#ffffff
5fc17afe56d8113424306fb3,20,29,#ffffff
5fc17afe56d8113424306fb4,21,29,#ffffff
5fc17afe56d8113424306fb5,22,29,#ffffff
5fc17afe56d8113424306fb6,23,29,#ffffff
5fc17afe56d8113424306fb7,24,29,#ffffff
5fc17afe56d8113424306fb8,25,29,#ffffff
5fc17afe56d8113424306fb9,26,29,#ffffff
5fc17afe56d8113424306fba,27,29,#ffffff
5fc17afe56d8113424306fbb,28,29,#ffffff
5fc17afe56d8113424306fbc,29,29,#ffffff
5fc17afe56d8113424306fbd,30,29,#ffffff
5fc17afe56d8113424306fbe,31,29,#ffffff
5fc17afe56d8113424306fbf,32,29,#ffffff
5fc17afe56d8113424306fc0,33,29,#ffffff
5fc17afe56d8113424306fc1,34,29,#ffffff
5fc17afe56d8113424306fc2,35,29,#ffffff
5fc17afe56d8113424306fc3,36,29,#ffffff
5fc17afe56d8113424306fc4,37,29,#ffffff
5fc17afe56d8113424306fc5,38,29,#ffffff
5fc17afe56d8113424306fc6,39,29,#ffffff
5fc17afe56d8113424306fc7,40,29,#ffffff
5fc17afe56d8113424306fc8,41,29,#ffffff
5fc17afe56d8113424306fc9,42,29,#ffffff
5fc17afe56d8113424306fca,43,29,#ffffff
5fc17afe56d8113424306fcb,44,29,#ffffff
5fc17afe56d8113424306fcc,45,29,#ffffff
5fc17afe56d8113424306fcd,46,29,#ffffff
5fc17afe56d8113424306fce,47,29,#ffffff
5fc17afe56d8113424306fcf,48,29,#ffffff
5fc17afe56d8113424306fd0,49,29,#ffffff
5fc17afe56d8113424306fd1,50,29,#ffffff
5fc17afe56d8113424306fd2,51,29,#ffffff
5fc17afe56d8113424306fd3,52,29,#ffffff
5fc17afe56d8113424306fd4,53,29,#ffffff
5fc17afe56d8113424306fd5,54,29,#ffffff
5fc17afe56d8113424306fd6,55,29,#ffffff
5fc17afe56d8113424306fd7,56,29,#ffffff
5fc17afe56d8113424306fd8,57,29,#ffffff
5fc17afe56d8113424306fd9,58,29,#ffffff
5fc17afe56d8113424306fda,59,29,#ffffff
5fc17afe56d8113424306fdb,60,29,#ffffff
5fc17afe56d8113424306fdc,61,29,#ffffff
5fc17afe56d8113424306fdd,62,29,#ffffff
5fc17afe56d8113424306fde,63,29,#ffffff
5fc17afe56d8113424306fdf,64,29,#ffffff
5fc17afe56d8113424306fe0,65,29,#ffffff
5fc17afe56d8113424306fe1,66,29,#ffffff
5fc17afe56d8113424306fe2,67,29,#ffffff
5fc17afe56d8113424306fe3,68,29,#ffffff
5fc17afe56d8113424306fe4,69,29,#ffffff
5fc17afe56d8113424306fe5,70,29,#ffffff
5fc17afe56d8113424306fe6,71,29,#ffffff
5fc17afe56d8113424306fe7,72,29,#ffffff
5fc17afe56d8113424306fe8,73,29,#ffffff
5fc17afe56d8113424306fe9,74,29,#ffffff
5fc17afe56d8113424306fea,75,29,#ffffff
5fc17afe56d8113424306feb,76,29,#ffffff
5fc17afe56d8113424306fec,77,29,#ffffff
5fc17afe56d8113424306fed,78,29,#ffffff
5fc17afe56d8113424306fee,79,29,#ffffff
5fc17afe56d8113424306fef,80,29,#ffffff
5fc17afe56d8113424306ff0,81,29,#ffffff
5fc17afe56d8113424306ff1,82,29,#ffffff
5fc17afe56d8113424306ff2,83,29,#ffffff
5fc17afe56d8113424306ff3,84,29,#ffffff
5fc17afe56d8113424306ff4,85,29,#ffffff
5fc17afe56d8113424306ff5,86,29,#ffffff
5fc17afe56d8113424306ff6,87,29,#ffffff
5fc17afe56d8113424306ff7,88,29,#ffffff
5fc17afe56d8113424306ff8,89,29,#ffffff
5fc17afe56d8113424306ff9,90,29,#ffffff
5fc17afe56d8113424306ffa,91,29,#ffffff
5fc17afe56d8113424306ffb,92,29,#ffffff
5fc17afe56d8113424306ffc,93,29,#ffffff
5fc17afe56d8113424306ffd,94,29,#ffffff
5fc17afe56d8113424306ffe,95,29,#ffffff
5fc17afe56d8113424306fff,96,29,#ffffff
5fc17afe56d8113424307000,97,29,#ffffff
5fc17afe56d8113424307001,98,29,#ffffff
5fc17afe56d8113424307002,99,29,#ffffff
5fc17afe56d8113424307003,100,29,#ffffff
5fc17afe56d8113424307004,0,30,#ffffff
5fc17afe56d8113424307005,1,30,#ffffff
5fc17afe56d8113424307006,2,30,#ffffff
5fc17afe56d8113424307007,3,30,#ffffff
5fc17afe56d8113424307008,4,30,#ffffff
5fc17afe56d8113424307009,5,30,#ffffff
5fc17afe56d811342430700a,6,30,#ffffff
5fc17afe56d811342430700b,7,30,#ffffff
5fc17afe56d811342430700c,8,30,#ffffff
5fc17afe56d811342430700d,9,30,#ffffff
5fc17afe56d811342430700e,10,30,#ffffff
5fc17afe56d811342430700f,11,30,#ffffff
5fc17afe56d8113424307010,12,30,#ffffff
5fc17afe56d8113424307011,13,30,#ffffff
5fc17afe56d8113424307012,14,30,#ffffff
5fc17afe56d8113424307013,15,30,#ffffff
5fc17afe56d8113424307014,16,30,#ffffff
5fc17afe56d8113424307015,17,30,#ffffff
5fc17afe56d8113424307016,18,30,#ffffff
5fc17afe56d8113424307017,19,30,#ffffff
5fc17afe56d8113424307018,20,30,#ffffff
5fc17afe56d8113424307019,21,30,#ffffff
5fc17afe56d811342430701a,22,30,#ffffff
5fc17afe56d811342430701b,23,30,#ffffff
5fc17afe56d811342430701c,24,30,#ffffff
5fc17afe56d811342430701d,25,30,#ffffff
5fc17afe56d811342430701e,26,30,#ffffff
5fc17afe56d811342430701f,27,30,#ffffff
5fc17afe56d8113424307020,28,30,#ffffff
5fc17afe56d8113424307021,29,30,#ffffff
5fc17afe56d8113424307022,30,30,#ffffff
5fc17afe56d8113424307023,31,30,#ffffff
5fc17afe56d8113424307024,32,30,#ffffff
5fc17afe56d8113424307025,33,30,#ffffff
5fc17afe56d8113424307026,34,30,#ffffff
5fc17afe56d8113424307027,35,30,#ffffff
5fc17afe56d8113424307028,36,30,#ffffff
5fc17afe56d8113424307029,37,30,#ffffff
5fc17afe56d811342430702a,38,30,#ffffff
5fc17afe56d811342430702b,39,30,#ffffff
5fc17afe56d811342430702c,40,30,#ffffff
5fc17afe56d811342430702d,41,30,#ffffff
5fc17afe56d811342430702e,42,30,#ffffff
5fc17afe56d811342430702f,43,30,#ffffff
5fc17afe56d8113424307030,44,30,#ffffff
5fc17afe56d8113424307031,45,30,#ffffff
5fc17afe56d8113424307032,46,30,#ffffff
5fc17afe56d8113424307033,47,30,#ffffff
5fc17afe56d8113424307034,48,30,#ffffff
5fc17afe56d8113424307035,49,30,#ffffff
5fc17afe56d8113424307036,50,30,#ffffff
5fc17afe56d8113424307037,51,30,#ffffff
5fc17afe56d8113424307038,52,30,#ffffff
5fc17afe56d8113424307039,53,30,#ffffff
5fc17afe56d811342430703a,54,30,#ffffff
5fc17afe56d811342430703b,55,30,#ffffff
5fc17afe56d811342430703c,56,30,#ffffff
5fc17afe56d811342430703d,57,30,#ffffff
5fc17afe56d811342430703e,58,30,#ffffff
5fc17afe56d811342430703f,59,30,#ffffff
5fc17afe56d8113424307040,60,30,#ffffff
5fc17afe56d8113424307041,61,30,#ffffff
5fc17afe56d8113424307042,62,30,#ffffff
5fc17afe56d8113424307043,63,30,#ffffff
5fc17afe56d8113424307044,64,30,#ffffff
5fc17afe56d8113424307045,65,30,#ffffff
5fc17afe56d8113424307046,66,30,#ffffff
5fc17afe56d8113424307047,67,30,#ffffff
5fc17afe56d8113424307048,68,30,#ffffff
5fc17afe56d8113424307049,69,30,#ffffff
5fc17afe56d811342430704a,70,30,#ffffff
5fc17afe56d811342430704b,71,30,#ffffff
5fc17afe56d811342430704c,72,30,#ffffff
5fc17afe56d811342430704d,73,30,#ffffff
5fc17afe56d811342430704e,74,30,#ffffff
5fc17afe56d811342430704f,75,30,#ffffff
5fc17afe56d8113424307050,76,30,#ffffff
5fc17afe56d8113424307051,77,30,#ffffff
5fc17afe56d8113424307052,78,30,#ffffff
5fc17afe56d8113424307053,79,30,#ffffff
5fc17afe56d8113424307054,80,30,#ffffff
5fc17afe56d8113424307055,81,30,#ffffff
5fc17afe56d8113424307056,82,30,#ffffff
5fc17afe56d8113424307057,83,30,#ffffff
5fc17afe56d8113424307058,84,30,#ffffff
5fc17afe56d8113424307059,85,30,#ffffff
5fc17afe56d811342430705a,86,30,#ffffff
5fc17afe56d811342430705b,87,30,#ffffff
5fc17afe56d811342430705c,88,30,#ffffff
5fc17afe56d811342430705d,89,30,#ffffff
5fc17afe56d811342430705e,90,30,#ffffff
5fc17afe56d811342430705f,91,30,#ffffff
5fc17afe56d8113424307060,92,30,#ffffff
5fc17afe56d8113424307061,93,30,#ffffff
5fc17afe56d8113424307062,94,30,#ffffff
5fc17afe56d8113424307063,95,30,#ffffff
5fc17afe56d8113424307064,96,30,#ffffff
5fc17afe56d8113424307065,97,30,#ffffff
5fc17afe56d8113424307066,98,30,#ffffff
5fc17afe56d8113424307067,99,30,#ffffff
5fc17afe56d8113424307068,100,30,#ffffff
5fc17afe56d8113424307069,0,31,#ffffff
5fc17afe56d811342430706a,1,31,#ffffff
5fc17afe56d811342430706b,2,31,#ffffff
5fc17afe56d811342430706c,3,31,#ffffff
5fc17afe56d811342430706d,4,31,#ffffff
5fc17afe56d811342430706e,5,31,#ffffff
5fc17afe56d811342430706f,6,31,#ffffff
5fc17afe56d8113424307070,7,31,#ffffff
5fc17afe56d8113424307071,8,31,#ffffff
5fc17afe56d8113424307072,9,31,#ffffff
5fc17afe56d8113424307073,10,31,#ffffff
5fc17afe56d8113424307074,11,31,#ffffff
5fc17afe56d8113424307075,12,31,#ffffff
5fc17afe56d8113424307076,13,31,#ffffff
5fc17afe56d8113424307077,14,31,#ffffff
5fc17afe56d8113424307078,15,31,#ffffff
5fc17afe56d8113424307079,16,31,#ffffff
5fc17afe56d811342430707a,17,31,#ffffff
5fc17afe56d811342430707b,18,31,#ffffff
5fc17afe56d811342430707c,19,31,#ffffff
5fc17afe56d811342430707d,20,31,#ffffff
5fc17afe56d811342430707e,21,31,#ffffff
5fc17afe56d811342430707f,22,31,#ffffff
5fc17afe56d8113424307080,23,31,#ffffff
5fc17afe56d8113424307081,24,31,#ffffff
5fc17afe56d8113424307082,25,31,#ffffff
5fc17afe56d8113424307083,26,31,#ffffff
5fc17afe56d8113424307084,27,31,#ffffff
5fc17afe56d8113424307085,28,31,#ffffff
5fc17afe56d8113424307086,29,31,#ffffff
5fc17afe56d8113424307087,30,31,#ffffff
5fc17afe56d8113424307088,31,31,#ffffff
5fc17afe56d8113424307089,32,31,#ffffff
5fc17afe56d811342430708a,33,31,#ffffff
5fc17afe56d811342430708b,34,31,#ffffff
5fc17afe56d811342430708c,35,31,#ffffff
5fc17afe56d811342430708d,36,31,#ffffff
5fc17afe56d811342430708e,37,31,#ffffff
5fc17afe56d811342430708f,38,31,#ffffff
5fc17afe56d8113424307090,39,31,#ffffff
5fc17afe56d8113424307091,40,31,#ffffff
5fc17afe56d8113424307092,41,31,#ffffff
5fc17afe56d8113424307093,42,31,#ffffff
5fc17afe56d8113424307094,43,31,#ffffff
5fc17afe56d8113424307095,44,31,#ffffff
5fc17afe56d8113424307096,45,31,#ffffff
5fc17afe56d8113424307097,46,31,#ffffff
5fc17afe56d8113424307098,47,31,#ffffff
5fc17afe56d8113424307099,48,31,#ffffff
5fc17afe56d811342430709a,49,31,#ffffff
5fc17afe56d811342430709b,50,31,#ffffff
5fc17afe56d811342430709c,51,31,#ffffff
5fc17afe56d811342430709d,52,31,#ffffff
5fc17afe56d811342430709e,53,31,#ffffff
5fc17afe56d811342430709f,54,31,#ffffff
5fc17afe56d81134243070a0,55,31,#ffffff
5fc17afe56d81134243070a1,56,31,#ffffff
5fc17afe56d81134243070a2,57,31,#ffffff
5fc17afe56d81134243070a3,58,31,#ffffff
5fc17afe56d81134243070a4,59,31,#ffffff
5fc17afe56d81134243070a5,60,31,#ffffff
5fc17afe56d81134243070a6,61,31,#ffffff
5fc17afe56d81134243070a7,62,31,#ffffff
5fc17afe56d81134243070a8,63,31,#ffffff
5fc17afe56d81134243070a9,64,31,#ffffff
5fc17afe56d81134243070aa,65,31,#ffffff
5fc17afe56d81134243070ab,66,31,#ffffff
5fc17afe56d81134243070ac,67,31,#ffffff
5fc17afe56d81134243070ad,68,31,#ffffff
5fc17afe56d81134243070ae,69,31,#ffffff
5fc17afe56d81134243070af,70,31,#ffffff
5fc17afe56d81134243070b0,71,31,#ffffff
5fc17afe56d81134243070b1,72,31,#ffffff
5fc17afe56d81134243070b2,73,31,#ffffff
5fc17afe56d81134243070b3,74,31,#ffffff
5fc17afe56d81134243070b4,75,31,#ffffff
5fc17afe56d81134243070b5,76,31,#ffffff
5fc17afe56d81134243070b6,77,31,#ffffff
5fc17afe56d81134243070b7,78,31,#ffffff
5fc17afe56d81134243070b8,79,31,#ffffff
5fc17afe56d81134243070b9,80,31,#ffffff
5fc17afe56d81134243070ba,81,31,#ffffff
5fc17afe56d81134243070bb,82,31,#ffffff
5fc17afe56d81134243070bc,83,31,#ffffff
5fc17afe56d81134243070bd,84,31,#ffffff
5fc17afe56d81134243070be,85,31,#ffffff
5fc17afe56d81134243070bf,86,31,#ffffff
5fc17afe56d81134243070c0,87,31,#ffffff
5fc17afe56d81134243070c1,88,31,#ffffff
5fc17afe56d81134243070c2,89,31,#ffffff
5fc17afe56d81134243070c3,90,31,#ffffff
5fc17afe56d81134243070c4,91,31,#ffffff
5fc17afe56d81134243070c5,92,31,#ffffff
5fc17afe56d81134243070c6,93,31,#ffffff
5fc17afe56d81134243070c7,94,31,#ffffff
5fc17afe56d81134243070c8,95,31,#ffffff
5fc17afe56d81134243070c9,96,31,#ffffff
5fc17afe56d81134243070ca,97,31,#ffffff
5fc17afe56d81134243070cb,98,31,#ffffff
5fc17afe56d81134243070cc,99,31,#ffffff
5fc17afe56d81134243070cd,100,31,#ffffff
5fc17afe56d81134243070ce,0,32,#ffffff
5fc17afe56d81134243070cf,1,32,#ffffff
5fc17afe56d81134243070d0,2,32,#ffffff
5fc17afe56d81134243070d1,3,32,#ffffff
5fc17afe56d81134243070d2,4,32,#ffffff
5fc17afe56d81134243070d3,5,32,#ffffff
5fc17afe56d81134243070d4,6,32,#ffffff
5fc17afe56d81134243070d5,7,32,#ffffff
5fc17afe56d81134243070d6,8,32,#ffffff
5fc17afe56d81134243070d7,9,32,#ffffff
5fc17afe56d81134243070d8,10,32,#ffffff
5fc17afe56d81134243070d9,11,32,#ffffff
5fc17afe56d81134243070da,12,32,#ffffff
5fc17afe56d81134243070db,13,32,#ffffff
5fc17afe56d81134243070dc,14,32,#ffffff
5fc17afe56d81134243070dd,15,32,#ffffff
5fc17afe56d81134243070de,16,32,#ffffff
5fc17afe56d81134243070df,17,32,#ffffff
5fc17afe56d81134243070e0,18,32,#ffffff
5fc17afe56d81134243070e1,19,32,#ffffff
5fc17afe56d81134243070e2,20,32,#ffffff
5fc17afe56d81134243070e3,21,32,#ffffff
5fc17afe56d81134243070e4,22,32,#ffffff
5fc17afe56d81134243070e5,23,32,#ffffff
5fc17afe56d81134243070e6,24,32,#ffffff
5fc17afe56d81134243070e7,25,32,#ffffff
5fc17afe56d81134243070e8,26,32,#ffffff
5fc17afe56d81134243070e9,27,32,#ffffff
5fc17afe56d81134243070ea,28,32,#ffffff
5fc17afe56d81134243070eb,29,32,#ffffff
5fc17afe56d81134243070ec,30,32,#ffffff
5fc17afe56d81134243070ed,31,32,#ffffff
5fc17afe56d81134243070ee,32,32,#ffffff
5fc17afe56d81134243070ef,33,32,#ffffff
5fc17afe56d81134243070f0,34,32,#ffffff
5fc17afe56d81134243070f1,35,32,#ffffff
5fc17afe56d81134243070f2,36,32,#ffffff
5fc17afe56d81134243070f3,37,32,#ffffff
5fc17afe56d81134243070f4,38,32,#ffffff
5fc17afe56d81134243070f5,39,32,#ffffff
5fc17afe56d81134243070f6,40,32,#ffffff
5fc17afe56d81134243070f7,41,32,#ffffff
5fc17afe56d81134243070f8,42,32,#ffffff
5fc17afe56d81134243070f9,43,32,#ffffff
5fc17afe56d81134243070fa,44,32,#ffffff
5fc17afe56d81134243070fb,45,32,#ffffff
5fc17afe56d81134243070fc,46,32,#ffffff
5fc17afe56d81134243070fd,47,32,#ffffff
5fc17afe56d81134243070fe,48,32,#ffffff
5fc17afe56d81134243070ff,49,32,#ffffff
5fc17afe56d8113424307100,50,32,#ffffff
5fc17afe56d8113424307101,51,32,#ffffff
5fc17afe56d8113424307102,52,32,#ffffff
5fc17afe56d8113424307103,53,32,#ffffff
5fc17afe56d8113424307104,54,32,#ffffff
5fc17afe56d8113424307105,55,32,#ffffff
5fc17afe56d8113424307106,56,32,#ffffff
5fc17afe56d8113424307107,57,32,#ffffff
5fc17afe56d8113424307108,58,32,#ffffff
5fc17afe56d8113424307109,59,32,#ffffff
5fc17afe56d811342430710a,60,32,#ffffff
5fc17afe56d811342430710b,61,32,#ffffff
5fc17afe56d811342430710c,62,32,#ffffff
5fc17afe56d811342430710d,63,32,#ffffff
5fc17afe56d811342430710e,64,32,#ffffff
5fc17afe56d811342430710f,65,32,#ffffff
5fc17afe56d8113424307110,66,32,#ffffff
5fc17afe56d8113424307111,67,32,#ffffff
5fc17afe56d8113424307112,68,32,#ffffff
5fc17afe56d8113424307113,69,32,#ffffff
5fc17afe56d8113424307114,70,32,#ffffff
5fc17afe56d8113424307115,71,32,#ffffff
5fc17afe56d8113424307116,72,32,#ffffff
5fc17afe56d8113424307117,73,32,#ffffff
5fc17afe56d8113424307118,74,32,#ffffff
5fc17afe56d8113424307119,75,32,#ffffff
5fc17afe56d811342430711a,76,32,#ffffff
5fc17afe56d811342430711b,77,32,#ffffff
5fc17afe56d811342430711c,78,32,#ffffff
5fc17afe56d811342430711d,79,32,#ffffff
5fc17afe56d811342430711e,80,32,#ffffff
5fc17afe56d811342430711f,81,32,#ffffff
5fc17afe56d8113424307120,82,32,#ffffff
5fc17afe56d8113424307121,83,32,#ffffff
5fc17afe56d8113424307122,84,32,#ffffff
5fc17afe56d8113424307123,85,32,#ffffff
5fc17afe56d8113424307124,86,32,#ffffff
5fc17afe56d8113424307125,87,32,#ffffff
5fc17afe56d8113424307126,88,32,#ffffff
5fc17afe56d8113424307127,89,32,#ffffff
5fc17afe56d8113424307128,90,32,#ffffff
5fc17afe56d8113424307129,91,32,#ffffff
5fc17afe56d811342430712a,92,32,#ffffff
5fc17afe56d811342430712b,93,32,#ffffff
5fc17afe56d811342430712c,94,32,#ffffff
5fc17afe56d811342430712d,95,32,#ffffff
5fc17afe56d811342430712e,96,32,#ffffff
5fc17afe56d811342430712f,97,32,#ffffff
5fc17afe56d8113424307130,98,32,#ffffff
5fc17afe56d8113424307131,99,32,#ffffff
5fc17afe56d8113424307132,100,32,#ffffff
5fc17afe56d8113424307133,0,33,#ffffff
5fc17afe56d8113424307134,1,33,#ffffff
5fc17afe56d8113424307135,2,33,#ffffff
5fc17afe56d8113424307136,3,33,#ffffff
5fc17afe56d8113424307137,4,33,#ffffff
5fc17afe56d8113424307138,5,33,#ffffff
5fc17afe56d8113424307139,6,33,#ffffff
5fc17afe56d811342430713a,7,33,#ffffff
5fc17afe56d811342430713b,8,33,#ffffff
5fc17afe56d811342430713c,9,33,#ffffff
5fc17afe56d811342430713d,10,33,#ffffff
5fc17afe56d811342430713e,11,33,#ffffff
5fc17afe56d811342430713f,12,33,#ffffff
5fc17afe56d8113424307140,13,33,#ffffff
5fc17afe56d8113424307141,14,33,#ffffff
5fc17afe56d8113424307142,15,33,#ffffff
5fc17afe56d8113424307143,16,33,#ffffff
5fc17afe56d8113424307144,17,33,#ffffff
5fc17afe56d8113424307145,18,33,#ffffff
5fc17afe56d8113424307146,19,33,#ffffff
5fc17afe56d8113424307147,20,33,#ffffff
5fc17afe56d8113424307148,21,33,#ffffff
5fc17afe56d8113424307149,22,33,#ffffff
5fc17afe56d811342430714a,23,33,#ffffff
5fc17afe56d811342430714b,24,33,#ffffff
5fc17afe56d811342430714c,25,33,#ffffff
5fc17afe56d811342430714d,26,33,#ffffff
5fc17afe56d811342430714e,27,33,#ffffff
5fc17afe56d811342430714f,28,33,#ffffff
5fc17afe56d8113424307150,29,33,#ffffff
5fc17afe56d8113424307151,30,33,#ffffff
5fc17afe56d8113424307152,31,33,#ffffff
5fc17afe56d8113424307153,32,33,#ffffff
5fc17afe56d8113424307154,33,33,#ffffff
5fc17afe56d8113424307155,34,33,#ffffff
5fc17afe56d8113424307156,35,33,#ffffff
5fc17afe56d8113424307157,36,33,#ffffff
5fc17afe56d8113424307158,37,33,#ffffff
5fc17afe56d8113424307159,38,33,#ffffff
5fc17afe56d811342430715a,39,33,#ffffff
5fc17afe56d811342430715b,40,33,#ffffff
5fc17afe56d811342430715c,41,33,#ffffff
5fc17afe56d811342430715d,42,33,#ffffff
5fc17afe56d811342430715e,43,33,#ffffff
5fc17afe56d811342430715f,44,33,#ffffff
5fc17afe56d8113424307160,45,33,#ffffff
5fc17afe56d8113424307161,46,33,#ffffff
5fc17afe56d8113424307162,47,33,#ffffff
5fc17afe56d8113424307163,48,33,#ffffff
5fc17afe56d8113424307164,49,33,#ffffff
5fc17afe56d8113424307165,50,33,#ffffff
5fc17afe56d8113424307166,51,33,#ffffff
5fc17afe56d8113424307167,52,33,#ffffff
5fc17afe56d8113424307168,53,33,#ffffff
5fc17afe56d8113424307169,54,33,#ffffff
5fc17afe56d811342430716a,55,33,#ffffff
5fc17afe56d811342430716b,56,33,#ffffff
5fc17afe56d811342430716c,57,33,#ffffff
5fc17afe56d811342430716d,58,33,#ffffff
5fc17afe56d811342430716e,59,33,#ffffff
5fc17afe56d811342430716f,60,33,#ffffff
5fc17afe56d8113424307170,61,33,#ffffff
5fc17afe56d8113424307171,62,33,#ffffff
5fc17afe56d8113424307172,63,33,#ffffff
5fc17afe56d8113424307173,64,33,#ffffff
5fc17afe56d8113424307174,65,33,#ffffff
5fc17afe56d8113424307175,66,33,#ffffff
5fc17afe56d8113424307176,67,33,#ffffff
5fc17afe56d8113424307177,68,33,#ffffff
5fc17afe56d8113424307178,69,33,#ffffff
5fc17afe56d8113424307179,70,33,#ffffff
5fc17afe56d811342430717a,71,33,#ffffff
5fc17afe56d811342430717b,72,33,#ffffff
5fc17afe56d811342430717c,73,33,#ffffff
5fc17afe56d811342430717d,74,33,#ffffff
5fc17afe56d811342430717e,75,33,#ffffff
5fc17afe56d811342430717f,76,33,#ffffff
5fc17afe56d8113424307180,77,33,#ffffff
5fc17afe56d8113424307181,78,33,#ffffff
5fc17afe56d8113424307182,79,33,#ffffff
5fc17afe56d8113424307183,80,33,#ffffff
5fc17afe56d8113424307184,81,33,#ffffff
5fc17afe56d8113424307185,82,33,#ffffff
5fc17afe56d8113424307186,83,33,#ffffff
5fc17afe56d8113424307187,84,33,#ffffff
5fc17afe56d8113424307188,85,33,#ffffff
5fc17afe56d8113424307189,86,33,#ffffff
5fc17afe56d811342430718a,87,33,#ffffff
5fc17afe56d811342430718b,88,33,#ffffff
5fc17afe56d811342430718c,89,33,#ffffff
5fc17afe56d811342430718d,90,33,#ffffff
5fc17afe56d811342430718e,91,33,#ffffff
5fc17afe56d811342430718f,92,33,#ffffff
5fc17afe56d8113424307190,93,33,#ffffff
5fc17afe56d8113424307191,94,33,#ffffff
5fc17afe56d8113424307192,95,33,#ffffff
5fc17afe56d8113424307193,96,33,#ffffff
5fc17afe56d8113424307194,97,33,#ffffff
5fc17afe56d8113424307195,98,33,#ffffff
5fc17afe56d8113424307196,99,33,#ffffff
5fc17afe56d8113424307197,100,33,#ffffff
5fc17afe56d8113424307198,0,34,#ffffff
5fc17afe56d8113424307199,1,34,#ffffff
5fc17afe56d811342430719a,2,34,#ffffff
5fc17afe56d811342430719b,3,34,#ffffff
5fc17afe56d811342430719c,4,34,#ffffff
5fc17afe56d811342430719d,5,34,#ffffff
5fc17afe56d811342430719e,6,34,#ffffff
5fc17afe56d811342430719f,7,34,#ffffff
5fc17afe56d81134243071a0,8,34,#ffffff
5fc17afe56d81134243071a1,9,34,#ffffff
5fc17afe56d81134243071a2,10,34,#ffffff
5fc17afe56d81134243071a3,11,34,#ffffff
5fc17afe56d81134243071a4,12,34,#ffffff
5fc17afe56d81134243071a5,13,34,#ffffff
5fc17afe56d81134243071a6,14,34,#ffffff
5fc17afe56d81134243071a7,15,34,#ffffff
5fc17afe56d81134243071a8,16,34,#ffffff
5fc17afe56d81134243071a9,17,34,#ffffff
5fc17afe56d81134243071aa,18,34,#ffffff
5fc17afe56d81134243071ab,19,34,#ffffff
5fc17afe56d81134243071ac,20,34,#ffffff
5fc17afe56d81134243071ad,21,34,#ffffff
5fc17afe56d81134243071ae,22,34,#ffffff
5fc17afe56d81134243071af,23,34,#ffffff
5fc17afe56d81134243071b0,24,34,#ffffff
5fc17afe56d81134243071b1,25,34,#ffffff
5fc17afe56d81134243071b2,26,34,#ffffff
5fc17afe56d81134243071b3,27,34,#ffffff
5fc17afe56d81134243071b4,28,34,#ffffff
5fc17afe56d81134243071b5,29,34,#ffffff
5fc17afe56d81134243071b6,30,34,#ffffff
5fc17afe56d81134243071b7,31,34,#ffffff
5fc17afe56d81134243071b8,32,34,#ffffff
5fc17afe56d81134243071b9,33,34,#ffffff
5fc17afe56d81134243071ba,34,34,#ffffff
5fc17afe56d81134243071bb,35,34,#ffffff
5fc17afe56d81134243071bc,36,34,#ffffff
5fc17afe56d81134243071bd,37,34,#ffffff
5fc17afe56d81134243071be,38,34,#ffffff
5fc17afe56d81134243071bf,39,34,#ffffff
5fc17afe56d81134243071c0,40,34,#ffffff
5fc17afe56d81134243071c1,41,34,#ffffff
5fc17afe56d81134243071c2,42,34,#ffffff
5fc17afe56d81134243071c3,43,34,#ffffff
5fc17afe56d81134243071c4,44,34,#ffffff
5fc17afe56d81134243071c5,45,34,#ffffff
5fc17afe56d81134243071c6,46,34,#ffffff
5fc17afe56d81134243071c7,47,34,#ffffff
5fc17afe56d81134243071c8,48,34,#ffffff
5fc17afe56d81134243071c9,49,34,#ffffff
5fc17afe56d81134243071ca,50,34,#ffffff
5fc17afe56d81134243071cb,51,34,#ffffff
5fc17afe56d81134243071cc,52,34,#ffffff
5fc17afe56d81134243071cd,53,34,#ffffff
5fc17afe56d81134243071ce,54,34,#ffffff
5fc17afe56d81134243071cf,55,34,#ffffff
5fc17afe56d81134243071d0,56,34,#ffffff
5fc17afe56d81134243071d1,57,34,#ffffff
5fc17afe56d81134243071d2,58,34,#ffffff
5fc17afe56d81134243071d3,59,34,#ffffff
5fc17afe56d81134243071d4,60,34,#ffffff
5fc17afe56d81134243071d5,61,34,#ffffff
5fc17afe56d81134243071d6,62,34,#ffffff
5fc17afe56d81134243071d7,63,34,#ffffff
5fc17afe56d81134243071d8,64,34,#ffffff
5fc17afe56d81134243071d9,65,34,#ffffff
5fc17afe56d81134243071da,66,34,#ffffff
5fc17afe56d81134243071db,67,34,#ffffff
5fc17afe56d81134243071dc,68,34,#ffffff
5fc17afe56d81134243071dd,69,34,#ffffff
5fc17afe56d81134243071de,70,34,#ffffff
5fc17afe56d81134243071df,71,34,#ffffff
5fc17afe56d81134243071e0,72,34,#ffffff
5fc17afe56d81134243071e1,73,34,#ffffff
5fc17afe56d81134243071e2,74,34,#ffffff
5fc17afe56d81134243071e3,75,34,#ffffff
5fc17afe56d81134243071e4,76,34,#ffffff
5fc17afe56d81134243071e5,77,34,#ffffff
5fc17afe56d81134243071e6,78,34,#ffffff
5fc17afe56d81134243071e7,79,34,#ffffff
5fc17afe56d81134243071e8,80,34,#ffffff
5fc17afe56d81134243071e9,81,34,#ffffff
5fc17afe56d81134243071ea,82,34,#ffffff
5fc17afe56d81134243071eb,83,34,#ffffff
5fc17afe56d81134243071ec,84,34,#ffffff
5fc17afe56d81134243071ed,85,34,#ffffff
5fc17afe56d81134243071ee,86,34,#ffffff
5fc17afe56d81134243071ef,87,34,#ffffff
5fc17afe56d81134243071f0,88,34,#ffffff
5fc17afe56d81134243071f1,89,34,#ffffff
5fc17afe56d81134243071f2,90,34,#ffffff
5fc17afe56d81134243071f3,91,34,#ffffff
5fc17afe56d81134243071f4,92,34,#ffffff
5fc17afe56d81134243071f5,93,34,#ffffff
5fc17afe56d81134243071f6,94,34,#ffffff
5fc17afe56d81134243071f7,95,34,#ffffff
5fc17afe56d81134243071f8,96,34,#ffffff
5fc17afe56d81134243071f9,97,34,#ffffff
5fc17afe56d81134243071fa,98,34,#ffffff
5fc17afe56d81134243071fb,99,34,#ffffff
5fc17afe56d81134243071fc,100,34,#ffffff
5fc17afe56d81134243071fd,0,35,#ffffff
5fc17afe56d81134243071fe,1,35,#ffffff
5fc17afe56d81134243071ff,2,35,#ffffff
5fc17afe56d8113424307200,3,35,#ffffff
5fc17afe56d8113424307201,4,35,#ffffff
5fc17afe56d8113424307202,5,35,#ffffff
5fc17afe56d8113424307203,6,35,#ffffff
5fc17afe56d8113424307204,7,35,#ffffff
5fc17afe56d8113424307205,8,35,#ffffff
5fc17afe56d8113424307206,9,35,#ffffff
5fc17afe56d8113424307207,10,35,#ffffff
5fc17afe56d8113424307208,11,35,#ffffff
5fc17afe56d8113424307209,12,35,#ffffff
5fc17afe56d811342430720a,13,35,#ffffff
5fc17afe56d811342430720b,14,35,#ffffff
5fc17afe56d811342430720c,15,35,#ffffff
5fc17afe56d811342430720d,16,35,#ffffff
5fc17afe56d811342430720e,17,35,#ffffff
5fc17afe56d811342430720f,18,35,#ffffff
5fc17afe56d8113424307210,19,35,#ffffff
5fc17afe56d8113424307211,20,35,#ffffff
5fc17afe56d8113424307212,21,35,#ffffff
5fc17afe56d8113424307213,22,35,#ffffff
5fc17afe56d8113424307214,23,35,#ffffff
5fc17afe56d8113424307215,24,35,#ffffff
5fc17afe56d8113424307216,25,35,#ffffff
5fc17afe56d8113424307217,26,35,#ffffff
5fc17afe56d8113424307218,27,35,#ffffff
5fc17afe56d8113424307219,28,35,#ffffff
5fc17afe56d811342430721a,29,35,#ffffff
5fc17afe56d811342430721b,30,35,#ffffff
5fc17afe56d811342430721c,31,35,#ffffff
5fc17afe56d811342430721d,32,35,#ffffff
5fc17afe56d811342430721e,33,35,#ffffff
5fc17afe56d811342430721f,34,35,#ffffff
5fc17afe56d8113424307220,35,35,#ffffff
5fc17afe56d8113424307221,36,35,#ffffff
5fc17afe56d8113424307222,37,35,#ffffff
5fc17afe56d8113424307223,38,35,#ffffff
5fc17afe56d8113424307224,39,35,#ffffff
5fc17afe56d8113424307225,40,35,#ffffff
5fc17afe56d8113424307226,41,35,#ffffff
5fc17afe56d8113424307227,42,35,#ffffff
5fc17afe56d8113424307228,43,35,#ffffff
5fc17afe56d8113424307229,44,35,#ffffff
5fc17afe56d811342430722a,45,35,#ffffff
5fc17afe56d811342430722b,46,35,#ffffff
5fc17afe56d811342430722c,47,35,#ffffff
5fc17afe56d811342430722d,48,35,#ffffff
5fc17afe56d811342430722e,49,35,#ffffff
5fc17afe56d811342430722f,50,35,#ffffff
5fc17afe56d8113424307230,51,35,#ffffff
5fc17afe56d8113424307231,52,35,#ffffff
5fc17afe56d8113424307232,53,35,#ffffff
5fc17afe56d8113424307233,54,35,#ffffff
5fc17afe56d8113424307234,55,35,#ffffff
5fc17afe56d8113424307235,56,35,#ffffff
5fc17afe56d8113424307236,57,35,#ffffff
5fc17afe56d8113424307237,58,35,#ffffff
5fc17afe56d8113424307238,59,35,#ffffff
5fc17afe56d8113424307239,60,35,#ffffff
5fc17afe56d811342430723a,61,35,#ffffff
5fc17afe56d811342430723b,62,35,#ffffff
5fc17afe56d811342430723c,63,35,#ffffff
5fc17afe56d811342430723d,64,35,#ffffff
5fc17afe56d811342430723e,65,35,#ffffff
5fc17afe56d811342430723f,66,35,#ffffff
5fc17afe56d8113424307240,67,35,#ffffff
5fc17afe56d8113424307241,68,35,#ffffff
5fc17afe56d8113424307242,69,35,#ffffff
5fc17afe56d8113424307243,70,35,#ffffff
5fc17afe56d8113424307244,71,35,#ffffff
5fc17afe56d8113424307245,72,35,#ffffff
5fc17afe56d8113424307246,73,35,#ffffff
5fc17afe56d8113424307247,74,35,#ffffff
5fc17afe56d8113424307248,75,35,#ffffff
5fc17afe56d8113424307249,76,35,#ffffff
5fc17afe56d811342430724a,77,35,#ffffff
5fc17afe56d811342430724b,78,35,#ffffff
5fc17afe56d811342430724c,79,35,#ffffff
5fc17afe56d811342430724d,80,35,#ffffff
5fc17afe56d811342430724e,81,35,#ffffff
5fc17afe56d811342430724f,82,35,#ffffff
5fc17afe56d8113424307250,83,35,#ffffff
5fc17afe56d8113424307251,84,35,#ffffff
5fc17afe56d8113424307252,85,35,#ffffff
5fc17afe56d8113424307253,86,35,#ffffff
5fc17afe56d8113424307254,87,35,#ffffff
5fc17afe56d8113424307255,88,35,#ffffff
5fc17afe56d8113424307256,89,35,#ffffff
5fc17afe56d8113424307257,90,35,#ffffff
5fc17afe56d8113424307258,91,35,#ffffff
5fc17afe56d8113424307259,92,35,#ffffff
5fc17afe56d811342430725a,93,35,#ffffff
5fc17afe56d811342430725b,94,35,#ffffff
5fc17afe56d811342430725c,95,35,#ffffff
5fc17afe56d811342430725d,96,35,#ffffff
5fc17afe56d811342430725e,97,35,#ffffff
5fc17afe56d811342430725f,98,35,#ffffff
5fc17afe56d8113424307260,99,35,#ffffff
5fc17afe56d8113424307261,100,35,#ffffff
5fc17afe56d8113424307262,0,36,#ffffff
5fc17afe56d8113424307263,1,36,#ffffff
5fc17afe56d8113424307264,2,36,#ffffff
5fc17afe56d8113424307265,3,36,#ffffff
5fc17afe56d8113424307266,4,36,#ffffff
5fc17afe56d8113424307267,5,36,#ffffff
5fc17afe56d8113424307268,6,36,#ffffff
5fc17afe56d8113424307269,7,36,#ffffff
5fc17afe56d811342430726a,8,36,#ffffff
5fc17afe56d811342430726b,9,36,#ffffff
5fc17afe56d811342430726c,10,36,#ffffff
5fc17afe56d811342430726d,11,36,#ffffff
5fc17afe56d811342430726e,12,36,#ffffff
5fc17afe56d811342430726f,13,36,#ffffff
5fc17afe56d8113424307270,14,36,#ffffff
5fc17afe56d8113424307271,15,36,#ffffff
5fc17afe56d8113424307272,16,36,#ffffff
5fc17afe56d8113424307273,17,36,#ffffff
5fc17afe56d8113424307274,18,36,#ffffff
5fc17afe56d8113424307275,19,36,#ffffff
5fc17afe56d8113424307276,20,36,#ffffff
5fc17afe56d8113424307277,21,36,#ffffff
5fc17afe56d8113424307278,22,36,#ffffff
5fc17afe56d8113424307279,23,36,#ffffff
5fc17afe56d811342430727a,24,36,#ffffff
5fc17afe56d811342430727b,25,36,#ffffff
5fc17afe56d811342430727c,26,36,#ffffff
5fc17afe56d811342430727d,27,36,#ffffff
5fc17afe56d811342430727e,28,36,#ffffff
5fc17afe56d811342430727f,29,36,#ffffff
5fc17afe56d8113424307280,30,36,#ffffff
5fc17afe56d8113424307281,31,36,#ffffff
5fc17afe56d8113424307282,32,36,#ffffff
5fc17afe56d8113424307283,33,36,#ffffff
5fc17afe56d8113424307284,34,36,#ffffff
5fc17afe56d8113424307285,35,36,#ffffff
5fc17afe56d8113424307286,36,36,#ffffff
5fc17afe56d8113424307287,37,36,#ffffff
5fc17afe56d8113424307288,38,36,#ffffff
5fc17afe56d8113424307289,39,36,#ffffff
5fc17afe56d811342430728a,40,36,#ffffff
5fc17afe56d811342430728b,41,36,#ffffff
5fc17afe56d811342430728c,42,36,#ffffff
5fc17afe56d811342430728d,43,36,#ffffff
5fc17afe56d811342430728e,44,36,#ffffff
5fc17afe56d811342430728f,45,36,#ffffff
5fc17afe56d8113424307290,46,36,#ffffff
5fc17afe56d8113424307291,47,36,#ffffff
5fc17afe56d8113424307292,48,36,#ffffff
5fc17afe56d8113424307293,49,36,#ffffff
5fc17afe56d8113424307294,50,36,#ffffff
5fc17afe56d8113424307295,51,36,#ffffff
5fc17afe56d8113424307296,52,36,#ffffff
5fc17afe56d8113424307297,53,36,#ffffff
5fc17afe56d8113424307298,54,36,#ffffff
5fc17afe56d8113424307299,55,36,#ffffff
5fc17afe56d811342430729a,56,36,#ffffff
5fc17afe56d811342430729b,57,36,#ffffff
5fc17afe56d811342430729c,58,36,#ffffff
5fc17afe56d811342430729d,59,36,#ffffff
5fc17afe56d811342430729e,60,36,#ffffff
5fc17afe56d811342430729f,61,36,#ffffff
5fc17afe56d81134243072a0,62,36,#ffffff
5fc17afe56d81134243072a1,63,36,#ffffff
5fc17afe56d81134243072a2,64,36,#ffffff
5fc17afe56d81134243072a3,65,36,#ffffff
5fc17afe56d81134243072a4,66,36,#ffffff
5fc17afe56d81134243072a5,67,36,#ffffff
5fc17afe56d81134243072a6,68,36,#ffffff
5fc17afe56d81134243072a7,69,36,#ffffff
5fc17afe56d81134243072a8,70,36,#ffffff
5fc17afe56d81134243072a9,71,36,#ffffff
5fc17afe56d81134243072aa,72,36,#ffffff
5fc17afe56d81134243072ab,73,36,#ffffff
5fc17afe56d81134243072ac,74,36,#ffffff
5fc17afe56d81134243072ad,75,36,#ffffff
5fc17afe56d81134243072ae,76,36,#ffffff
5fc17afe56d81134243072af,77,36,#ffffff
5fc17afe56d81134243072b0,78,36,#ffffff
5fc17afe56d81134243072b1,79,36,#ffffff
5fc17afe56d81134243072b2,80,36,#ffffff
5fc17afe56d81134243072b3,81,36,#ffffff
5fc17afe56d81134243072b4,82,36,#ffffff
5fc17afe56d81134243072b5,83,36,#ffffff
5fc17afe56d81134243072b6,84,36,#ffffff
5fc17afe56d81134243072b7,85,36,#ffffff
5fc17afe56d81134243072b8,86,36,#ffffff
5fc17afe56d81134243072b9,87,36,#ffffff
5fc17afe56d81134243072ba,88,36,#ffffff
5fc17afe56d81134243072bb,89,36,#ffffff
5fc17afe56d81134243072bc,90,36,#ffffff
5fc17afe56d81134243072bd,91,36,#ffffff
5fc17afe56d81134243072be,92,36,#ffffff
5fc17afe56d81134243072bf,93,36,#ffffff
5fc17afe56d81134243072c0,94,36,#ffffff
5fc17afe56d81134243072c1,95,36,#ffffff
5fc17afe56d81134243072c2,96,36,#ffffff
5fc17afe56d81134243072c3,97,36,#ffffff
5fc17afe56d81134243072c4,98,36,#ffffff
5fc17afe56d81134243072c5,99,36,#ffffff
5fc17afe56d81134243072c6,100,36,#ffffff
5fc17afe56d81134243072c7,0,37,#ffffff
5fc17afe56d81134243072c8,1,37,#ffffff
5fc17afe56d81134243072c9,2,37,#ffffff
5fc17afe56d81134243072ca,3,37,#ffffff
5fc17afe56d81134243072cb,4,37,#ffffff
5fc17afe56d81134243072cc,5,37,#ffffff
5fc17afe56d81134243072cd,6,37,#ffffff
5fc17afe56d81134243072ce,7,37,#ffffff
5fc17afe56d81134243072cf,8,37,#ffffff
5fc17afe56d81134243072d0,9,37,#ffffff
5fc17afe56d81134243072d1,10,37,#ffffff
5fc17afe56d81134243072d2,11,37,#ffffff
5fc17afe56d81134243072d3,12,37,#ffffff
5fc17afe56d81134243072d4,13,37,#ffffff
5fc17afe56d81134243072d5,14,37,#ffffff
5fc17afe56d81134243072d6,15,37,#ffffff
5fc17afe56d81134243072d7,16,37,#ffffff
5fc17afe56d81134243072d8,17,37,#ffffff
5fc17afe56d81134243072d9,18,37,#ffffff
5fc17afe56d81134243072da,19,37,#ffffff
5fc17afe56d81134243072db,20,37,#ffffff
5fc17afe56d81134243072dc,21,37,#ffffff
5fc17afe56d81134243072dd,22,37,#ffffff
5fc17afe56d81134243072de,23,37,#ffffff
5fc17afe56d81134243072df,24,37,#ffffff
5fc17afe56d81134243072e0,25,37,#ffffff
5fc17afe56d81134243072e1,26,37,#ffffff
5fc17afe56d81134243072e2,27,37,#ffffff
5fc17afe56d81134243072e3,28,37,#ffffff
5fc17afe56d81134243072e4,29,37,#ffffff
5fc17afe56d81134243072e5,30,37,#ffffff
5fc17afe56d81134243072e6,31,37,#ffffff
5fc17afe56d81134243072e7,32,37,#ffffff
5fc17afe56d81134243072e8,33,37,#ffffff
5fc17afe56d81134243072e9,34,37,#ffffff
5fc17afe56d81134243072ea,35,37,#ffffff
5fc17afe56d81134243072eb,36,37,#ffffff
5fc17afe56d81134243072ec,37,37,#ffffff
5fc17afe56d81134243072ed,38,37,#ffffff
5fc17afe56d81134243072ee,39,37,#ffffff
5fc17afe56d81134243072ef,40,37,#ffffff
5fc17afe56d81134243072f0,41,37,#ffffff
5fc17afe56d81134243072f1,42,37,#ffffff
5fc17afe56d81134243072f2,43,37,#ffffff
5fc17afe56d81134243072f3,44,37,#ffffff
5fc17afe56d81134243072f4,45,37,#ffffff
5fc17afe56d81134243072f5,46,37,#ffffff
5fc17afe56d81134243072f6,47,37,#ffffff
5fc17afe56d81134243072f7,48,37,#ffffff
5fc17afe56d81134243072f8,49,37,#ffffff
5fc17afe56d81134243072f9,50,37,#ffffff
5fc17afe56d81134243072fa,51,37,#ffffff
5fc17afe56d81134243072fb,52,37,#ffffff
5fc17afe56d81134243072fc,53,37,#ffffff
5fc17afe56d81134243072fd,54,37,#ffffff
5fc17afe56d81134243072fe,55,37,#ffffff
5fc17afe56d81134243072ff,56,37,#ffffff
5fc17afe56d8113424307300,57,37,#ffffff
5fc17afe56d8113424307301,58,37,#ffffff
5fc17afe56d8113424307302,59,37,#ffffff
5fc17afe56d8113424307303,60,37,#ffffff
5fc17afe56d8113424307304,61,37,#ffffff
5fc17afe56d8113424307305,62,37,#ffffff
5fc17afe56d8113424307306,63,37,#ffffff
5fc17afe56d8113424307307,64,37,#ffffff
5fc17afe56d8113424307308,65,37,#ffffff
5fc17afe56d8113424307309,66,37,#ffffff
5fc17afe56d811342430730a,67,37,#ffffff
5fc17afe56d811342430730b,68,37,#ffffff
5fc17afe56d811342430730c,69,37,#ffffff
5fc17afe56d811342430730d,70,37,#ffffff
5fc17afe56d811342430730e,71,37,#ffffff
5fc17afe56d811342430730f,72,37,#ffffff
5fc17afe56d8113424307310,73,37,#ffffff
5fc17afe56d8113424307311,74,37,#ffffff
5fc17afe56d8113424307312,75,37,#ffffff
5fc17afe56d8113424307313,76,37,#ffffff
5fc17afe56d8113424307314,77,37,#ffffff
5fc17afe56d8113424307315,78,37,#ffffff
5fc17afe56d8113424307316,79,37,#ffffff
5fc17afe56d8113424307317,80,37,#ffffff
5fc17afe56d8113424307318,81,37,#ffffff
5fc17afe56d8113424307319,82,37,#ffffff
5fc17afe56d811342430731a,83,37,#ffffff
5fc17afe56d811342430731b,84,37,#ffffff
5fc17afe56d811342430731c,85,37,#ffffff
5fc17afe56d811342430731d,86,37,#ffffff
5fc17afe56d811342430731e,87,37,#ffffff
5fc17afe56d811342430731f,88,37,#ffffff
5fc17afe56d8113424307320,89,37,#ffffff
5fc17afe56d8113424307321,90,37,#ffffff
5fc17afe56d8113424307322,91,37,#ffffff
5fc17afe56d8113424307323,92,37,#ffffff
5fc17afe56d8113424307324,93,37,#ffffff
5fc17afe56d8113424307325,94,37,#ffffff
5fc17afe56d8113424307326,95,37,#ffffff
5fc17afe56d8113424307327,96,37,#ffffff
5fc17afe56d8113424307328,97,37,#ffffff
5fc17afe56d8113424307329,98,37,#ffffff
5fc17afe56d811342430732a,99,37,#ffffff
5fc17afe56d811342430732b,100,37,#ffffff
5fc17afe56d811342430732c,0,38,#ffffff
5fc17afe56d811342430732d,1,38,#ffffff
5fc17afe56d811342430732e,2,38,#ffffff
5fc17afe56d811342430732f,3,38,#ffffff
5fc17afe56d8113424307330,4,38,#ffffff
5fc17afe56d8113424307331,5,38,#ffffff
5fc17afe56d8113424307332,6,38,#ffffff
5fc17afe56d8113424307333,7,38,#ffffff
5fc17afe56d8113424307334,8,38,#ffffff
5fc17afe56d8113424307335,9,38,#ffffff
5fc17afe56d8113424307336,10,38,#ffffff
5fc17afe56d8113424307337,11,38,#ffffff
5fc17afe56d8113424307338,12,38,#ffffff
5fc17afe56d8113424307339,13,38,#ffffff
5fc17afe56d811342430733a,14,38,#ffffff
5fc17afe56d811342430733b,15,38,#ffffff
5fc17afe56d811342430733c,16,38,#ffffff
5fc17afe56d811342430733d,17,38,#ffffff
5fc17afe56d811342430733e,18,38,#ffffff
5fc17afe56d811342430733f,19,38,#ffffff
5fc17afe56d8113424307340,20,38,#ffffff
5fc17afe56d8113424307341,21,38,#ffffff
5fc17afe56d8113424307342,22,38,#ffffff
5fc17afe56d8113424307343,23,38,#ffffff
5fc17afe56d8113424307344,24,38,#ffffff
5fc17afe56d8113424307345,25,38,#ffffff
5fc17afe56d8113424307346,26,38,#ffffff
5fc17afe56d8113424307347,27,38,#ffffff
5fc17afe56d8113424307348,28,38,#ffffff
5fc17afe56d8113424307349,29,38,#ffffff
5fc17afe56d811342430734a,30,38,#ffffff
5fc17afe56d811342430734b,31,38,#ffffff
5fc17afe56d811342430734c,32,38,#ffffff
5fc17afe56d811342430734d,33,38,#ffffff
5fc17afe56d811342430734e,34,38,#ffffff
5fc17afe56d811342430734f,35,38,#ffffff
5fc17afe56d8113424307350,36,38,#ffffff
5fc17afe56d8113424307351,37,38,#ffffff
5fc17afe56d8113424307352,38,38,#ffffff
5fc17afe56d8113424307353,39,38,#ffffff
5fc17afe56d8113424307354,40,38,#ffffff
5fc17afe56d8113424307355,41,38,#ffffff
5fc17afe56d8113424307356,42,38,#ffffff
5fc17afe56d8113424307357,43,38,#ffffff
5fc17afe56d8113424307358,44,38,#ffffff
5fc17afe56d8113424307359,45,38,#ffffff
5fc17afe56d811342430735a,46,38,#ffffff
5fc17afe56d811342430735b,47,38,#ffffff
5fc17afe56d811342430735c,48,38,#ffffff
5fc17afe56d811342430735d,49,38,#ffffff
5fc17afe56d811342430735e,50,38,#ffffff
5fc17afe56d811342430735f,51,38,#ffffff
5fc17afe56d8113424307360,52,38,#ffffff
5fc17afe56d8113424307361,53,38,#ffffff
5fc17afe56d8113424307362,54,38,#ffffff
5fc17afe56d8113424307363,55,38,#ffffff
5fc17afe56d8113424307364,56,38,#ffffff
5fc17afe56d8113424307365,57,38,#ffffff
5fc17afe56d8113424307366,58,38,#ffffff
5fc17afe56d8113424307367,59,38,#ffffff
5fc17afe56d8113424307368,60,38,#ffffff
5fc17afe56d8113424307369,61,38,#ffffff
5fc17afe56d811342430736a,62,38,#ffffff
5fc17afe56d811342430736b,63,38,#ffffff
5fc17afe56d811342430736c,64,38,#ffffff
5fc17afe56d811342430736d,65,38,#ffffff
5fc17afe56d811342430736e,66,38,#ffffff
5fc17afe56d811342430736f,67,38,#ffffff
5fc17afe56d8113424307370,68,38,#ffffff
5fc17afe56d8113424307371,69,38,#ffffff
5fc17afe56d8113424307372,70,38,#ffffff
5fc17afe56d8113424307373,71,38,#ffffff
5fc17afe56d8113424307374,72,38,#ffffff
5fc17afe56d8113424307375,73,38,#ffffff
5fc17afe56d8113424307376,74,38,#ffffff
5fc17afe56d8113424307377,75,38,#ffffff
5fc17afe56d8113424307378,76,38,#ffffff
5fc17afe56d8113424307379,77,38,#ffffff
5fc17afe56d811342430737a,78,38,#ffffff
5fc17afe56d811342430737b,79,38,#ffffff
5fc17afe56d811342430737c,80,38,#ffffff
5fc17afe56d811342430737d,81,38,#ffffff
5fc17afe56d811342430737e,82,38,#ffffff
5fc17afe56d811342430737f,83,38,#ffffff
5fc17afe56d8113424307380,84,38,#ffffff
5fc17afe56d8113424307381,85,38,#ffffff
5fc17afe56d8113424307382,86,38,#ffffff
5fc17afe56d8113424307383,87,38,#ffffff
5fc17afe56d8113424307384,88,38,#ffffff
5fc17afe56d8113424307385,89,38,#ffffff
5fc17afe56d8113424307386,90,38,#ffffff
5fc17afe56d8113424307387,91,38,#ffffff
5fc17afe56d8113424307388,92,38,#ffffff
5fc17afe56d8113424307389,93,38,#ffffff
5fc17afe56d811342430738a,94,38,#ffffff
5fc17afe56d811342430738b,95,38,#ffffff
5fc17afe56d811342430738c,96,38,#ffffff
5fc17afe56d811342430738d,97,38,#ffffff
5fc17afe56d811342430738e,98,38,#ffffff
5fc17afe56d811342430738f,99,38,#ffffff
5fc17afe56d8113424307390,100,38,#ffffff
5fc17afe56d8113424307391,0,39,#ffffff
5fc17afe56d8113424307392,1,39,#ffffff
5fc17afe56d8113424307393,2,39,#ffffff
5fc17afe56d8113424307394,3,39,#ffffff
5fc17afe56d8113424307395,4,39,#ffffff
5fc17afe56d8113424307396,5,39,#ffffff
5fc17afe56d8113424307397,6,39,#ffffff
5fc17afe56d8113424307398,7,39,#ffffff
5fc17afe56d8113424307399,8,39,#ffffff
5fc17afe56d811342430739a,9,39,#ffffff
5fc17afe56d811342430739b,10,39,#ffffff
5fc17afe56d811342430739c,11,39,#ffffff
5fc17afe56d811342430739d,12,39,#ffffff
5fc17afe56d811342430739e,13,39,#ffffff
5fc17afe56d811342430739f,14,39,#ffffff
5fc17afe56d81134243073a0,15,39,#ffffff
5fc17afe56d81134243073a1,16,39,#ffffff
5fc17afe56d81134243073a2,17,39,#ffffff
5fc17afe56d81134243073a3,18,39,#ffffff
5fc17afe56d81134243073a4,19,39,#ffffff
5fc17afe56d81134243073a5,20,39,#ffffff
5fc17afe56d81134243073a6,21,39,#ffffff
5fc17afe56d81134243073a7,22,39,#ffffff
5fc17afe56d81134243073a8,23,39,#ffffff
5fc17afe56d81134243073a9,24,39,#ffffff
5fc17afe56d81134243073aa,25,39,#ffffff
5fc17afe56d81134243073ab,26,39,#ffffff
5fc17afe56d81134243073ac,27,39,#ffffff
5fc17afe56d81134243073ad,28,39,#ffffff
5fc17afe56d81134243073ae,29,39,#ffffff
5fc17afe56d81134243073af,30,39,#ffffff
5fc17afe56d81134243073b0,31,39,#ffffff
5fc17afe56d81134243073b1,32,39,#ffffff
5fc17afe56d81134243073b2,33,39,#ffffff
5fc17afe56d81134243073b3,34,39,#ffffff
5fc17afe56d81134243073b4,35,39,#ffffff
5fc17afe56d81134243073b5,36,39,#ffffff
5fc17afe56d81134243073b6,37,39,#ffffff
5fc17afe56d81134243073b7,38,39,#ffffff
5fc17afe56d81134243073b8,39,39,#ffffff
5fc17afe56d81134243073b9,40,39,#ffffff
5fc17afe56d81134243073ba,41,39,#ffffff
5fc17afe56d81134243073bb,42,39,#ffffff
5fc17afe56d81134243073bc,43,39,#ffffff
5fc17afe56d81134243073bd,44,39,#ffffff
5fc17afe56d81134243073be,45,39,#ffffff
5fc17afe56d81134243073bf,46,39,#ffffff
5fc17afe56d81134243073c0,47,39,#ffffff
5fc17afe56d81134243073c1,48,39,#ffffff
5fc17afe56d81134243073c2,49,39,#ffffff
5fc17afe56d81134243073c3,50,39,#ffffff
5fc17afe56d81134243073c4,51,39,#ffffff
5fc17afe56d81134243073c5,52,39,#ffffff
5fc17afe56d81134243073c6,53,39,#ffffff
5fc17afe56d81134243073c7,54,39,#ffffff
5fc17afe56d81134243073c8,55,39,#ffffff
5fc17afe56d81134243073c9,56,39,#ffffff
5fc17afe56d81134243073ca,57,39,#ffffff
5fc17afe56d81134243073cb,58,39,#ffffff
5fc17afe56d81134243073cc,59,39,#ffffff
5fc17afe56d81134243073cd,60,39,#ffffff
5fc17afe56d81134243073ce,61,39,#ffffff
5fc17afe56d81134243073cf,62,39,#ffffff
5fc17afe56d81134243073d0,63,39,#ffffff
5fc17afe56d81134243073d1,64,39,#ffffff
5fc17afe56d81134243073d2,65,39,#ffffff
5fc17afe56d81134243073d3,66,39,#ffffff
5fc17afe56d81134243073d4,67,39,#ffffff
5fc17afe56d81134243073d5,68,39,#ffffff
5fc17afe56d81134243073d6,69,39,#ffffff
5fc17afe56d81134243073d7,70,39,#ffffff
5fc17afe56d81134243073d8,71,39,#ffffff
5fc17afe56d81134243073d9,72,39,#ffffff
5fc17afe56d81134243073da,73,39,#ffffff
5fc17afe56d81134243073db,74,39,#ffffff
5fc17afe56d81134243073dc,75,39,#ffffff
5fc17afe56d81134243073dd,76,39,#ffffff
5fc17afe56d81134243073de,77,39,#ffffff
5fc17afe56d81134243073df,78,39,#ffffff
5fc17afe56d81134243073e0,79,39,#ffffff
5fc17afe56d81134243073e1,80,39,#ffffff
5fc17afe56d81134243073e2,81,39,#ffffff
5fc17afe56d81134243073e3,82,39,#ffffff
5fc17afe56d81134243073e4,83,39,#ffffff
5fc17afe56d81134243073e5,84,39,#ffffff
5fc17afe56d81134243073e6,85,39,#ffffff
5fc17afe56d81134243073e7,86,39,#ffffff
5fc17afe56d81134243073e8,87,39,#ffffff
5fc17afe56d81134243073e9,88,39,#ffffff
5fc17afe56d81134243073ea,89,39,#ffffff
5fc17afe56d81134243073eb,90,39,#ffffff
5fc17afe56d81134243073ec,91,39,#ffffff
5fc17afe56d81134243073ed,92,39,#ffffff
5fc17afe56d81134243073ee,93,39,#ffffff
5fc17afe56d81134243073ef,94,39,#ffffff
5fc17afe56d81134243073f0,95,39,#ffffff
5fc17afe56d81134243073f1,96,39,#ffffff
5fc17afe56d81134243073f2,97,39,#ffffff
5fc17afe56d81134243073f3,98,39,#ffffff
5fc17afe56d81134243073f4,99,39,#ffffff
5fc17afe56d81134243073f5,100,39,#ffffff
5fc17afe56d81134243073f6,0,40,#ffffff
5fc17afe56d81134243073f7,1,40,#ffffff
5fc17afe56d81134243073f8,2,40,#ffffff
5fc17afe56d81134243073f9,3,40,#ffffff
5fc17afe56d81134243073fa,4,40,#ffffff
5fc17afe56d81134243073fb,5,40,#ffffff
5fc17afe56d81134243073fc,6,40,#ffffff
5fc17afe56d81134243073fd,7,40,#ffffff
5fc17afe56d81134243073fe,8,40,#ffffff
5fc17afe56d81134243073ff,9,40,#ffffff
5fc17afe56d8113424307400,10,40,#ffffff
5fc17afe56d8113424307401,11,40,#ffffff
5fc17afe56d8113424307402,12,40,#ffffff
5fc17afe56d8113424307403,13,40,#ffffff
5fc17afe56d8113424307404,14,40,#ffffff
5fc17afe56d8113424307405,15,40,#ffffff
5fc17afe56d8113424307406,16,40,#ffffff
5fc17afe56d8113424307407,17,40,#ffffff
5fc17afe56d8113424307408,18,40,#ffffff
5fc17afe56d8113424307409,19,40,#ffffff
5fc17afe56d811342430740a,20,40,#ffffff
5fc17afe56d811342430740b,21,40,#ffffff
5fc17afe56d811342430740c,22,40,#ffffff
5fc17afe56d811342430740d,23,40,#ffffff
5fc17afe56d811342430740e,24,40,#ffffff
5fc17afe56d811342430740f,25,40,#ffffff
5fc17afe56d8113424307410,26,40,#ffffff
5fc17afe56d8113424307411,27,40,#ffffff
5fc17afe56d8113424307412,28,40,#ffffff
5fc17afe56d8113424307413,29,40,#ffffff
5fc17afe56d8113424307414,30,40,#ffffff
5fc17afe56d8113424307415,31,40,#ffffff
5fc17afe56d8113424307416,32,40,#ffffff
5fc17afe56d8113424307417,33,40,#ffffff
5fc17afe56d8113424307418,34,40,#ffffff
5fc17afe56d8113424307419,35,40,#ffffff
5fc17afe56d811342430741a,36,40,#ffffff
5fc17afe56d811342430741b,37,40,#ffffff
5fc17afe56d811342430741c,38,40,#ffffff
5fc17afe56d811342430741d,39,40,#ffffff
5fc17afe56d811342430741e,40,40,#ffffff
5fc17afe56d811342430741f,41,40,#ffffff
5fc17afe56d8113424307420,42,40,#ffffff
5fc17afe56d8113424307421,43,40,#ffffff
5fc17afe56d8113424307422,44,40,#ffffff
5fc17afe56d8113424307423,45,40,#ffffff
5fc17afe56d8113424307424,46,40,#ffffff
5fc17afe56d8113424307425,47,40,#ffffff
5fc17afe56d8113424307426,48,40,#ffffff
5fc17afe56d8113424307427,49,40,#ffffff
5fc17afe56d8113424307428,50,40,#ffffff
5fc17afe56d8113424307429,51,40,#ffffff
5fc17afe56d811342430742a,52,40,#ffffff
5fc17afe56d811342430742b,53,40,#ffffff
5fc17afe56d811342430742c,54,40,#ffffff
5fc17afe56d811342430742d,55,40,#ffffff
5fc17afe56d811342430742e,56,40,#ffffff
5fc17afe56d811342430742f,57,40,#ffffff
5fc17afe56d8113424307430,58,40,#ffffff
5fc17afe56d8113424307431,59,40,#ffffff
5fc17afe56d8113424307432,60,40,#ffffff
5fc17afe56d8113424307433,61,40,#ffffff
5fc17afe56d8113424307434,62,40,#ffffff
5fc17afe56d8113424307435,63,40,#ffffff
5fc17afe56d8113424307436,64,40,#ffffff
5fc17afe56d8113424307437,65,40,#ffffff
5fc17afe56d8113424307438,66,40,#ffffff
5fc17afe56d8113424307439,67,40,#ffffff
5fc17afe56d811342430743a,68,40,#ffffff
5fc17afe56d811342430743b,69,40,#ffffff
5fc17afe56d811342430743c,70,40,#ffffff
5fc17afe56d811342430743d,71,40,#ffffff
5fc17afe56d811342430743e,72,40,#ffffff
5fc17afe56d811342430743f,73,40,#ffffff
5fc17afe56d8113424307440,74,40,#ffffff
5fc17afe56d8113424307441,75,40,#ffffff
5fc17afe56d8113424307442,76,40,#ffffff
5fc17afe56d8113424307443,77,40,#ffffff
5fc17afe56d8113424307444,78,40,#ffffff
5fc17afe56d8113424307445,79,40,#ffffff
5fc17afe56d8113424307446,80,40,#ffffff
5fc17afe56d8113424307447,81,40,#ffffff
5fc17afe56d8113424307448,82,40,#ffffff
5fc17afe56d8113424307449,83,40,#ffffff
5fc17afe56d811342430744a,84,40,#ffffff
5fc17afe56d811342430744b,85,40,#ffffff
5fc17afe56d811342430744c,86,40,#ffffff
5fc17afe56d811342430744d,87,40,#ffffff
5fc17afe56d811342430744e,88,40,#ffffff
5fc17afe56d811342430744f,89,40,#ffffff
5fc17afe56d8113424307450,90,40,#ffffff
5fc17afe56d8113424307451,91,40,#ffffff
5fc17afe56d8113424307452,92,40,#ffffff
5fc17afe56d8113424307453,93,40,#ffffff
5fc17afe56d8113424307454,94,40,#ffffff
5fc17afe56d8113424307455,95,40,#ffffff
5fc17afe56d8113424307456,96,40,#ffffff
5fc17afe56d8113424307457,97,40,#ffffff
5fc17afe56d8113424307458,98,40,#ffffff
5fc17afe56d8113424307459,99,40,#ffffff
5fc17afe56d811342430745a,100,40,#ffffff
5fc17afe56d811342430745b,0,41,#ffffff
5fc17afe56d811342430745c,1,41,#ffffff
5fc17afe56d811342430745d,2,41,#ffffff
5fc17afe56d811342430745e,3,41,#ffffff
5fc17afe56d811342430745f,4,41,#ffffff
5fc17afe56d8113424307460,5,41,#ffffff
5fc17afe56d8113424307461,6,41,#ffffff
5fc17afe56d8113424307462,7,41,#ffffff
5fc17afe56d8113424307463,8,41,#ffffff
5fc17afe56d8113424307464,9,41,#ffffff
5fc17afe56d8113424307465,10,41,#ffffff
5fc17afe56d8113424307466,11,41,#ffffff
5fc17afe56d8113424307467,12,41,#ffffff
5fc17afe56d8113424307468,13,41,#ffffff
5fc17afe56d8113424307469,14,41,#ffffff
5fc17afe56d811342430746a,15,41,#ffffff
5fc17afe56d811342430746b,16,41,#ffffff
5fc17afe56d811342430746c,17,41,#ffffff
5fc17afe56d811342430746d,18,41,#ffffff
5fc17afe56d811342430746e,19,41,#ffffff
5fc17afe56d811342430746f,20,41,#ffffff
5fc17afe56d8113424307470,21,41,#ffffff
5fc17afe56d8113424307471,22,41,#ffffff
5fc17afe56d8113424307472,23,41,#ffffff
5fc17afe56d8113424307473,24,41,#ffffff
5fc17afe56d8113424307474,25,41,#ffffff
5fc17afe56d8113424307475,26,41,#ffffff
5fc17afe56d8113424307476,27,41,#ffffff
5fc17afe56d8113424307477,28,41,#ffffff
5fc17afe56d8113424307478,29,41,#ffffff
5fc17afe56d8113424307479,30,41,#ffffff
5fc17afe56d811342430747a,31,41,#ffffff
5fc17afe56d811342430747b,32,41,#ffffff
5fc17afe56d811342430747c,33,41,#ffffff
5fc17afe56d811342430747d,34,41,#ffffff
5fc17afe56d811342430747e,35,41,#ffffff
5fc17afe56d811342430747f,36,41,#ffffff
5fc17afe56d8113424307480,37,41,#ffffff
5fc17afe56d8113424307481,38,41,#ffffff
5fc17afe56d8113424307482,39,41,#ffffff
5fc17afe56d8113424307483,40,41,#ffffff
5fc17afe56d8113424307484,41,41,#ffffff
5fc17afe56d8113424307485,42,41,#ffffff
5fc17afe56d8113424307486,43,41,#ffffff
5fc17afe56d8113424307487,44,41,#ffffff
5fc17afe56d8113424307488,45,41,#ffffff
5fc17afe56d8113424307489,46,41,#ffffff
5fc17afe56d811342430748a,47,41,#ffffff
5fc17afe56d811342430748b,48,41,#ffffff
5fc17afe56d811342430748c,49,41,#ffffff
5fc17afe56d811342430748d,50,41,#ffffff
5fc17afe56d811342430748e,51,41,#ffffff
5fc17afe56d811342430748f,52,41,#ffffff
5fc17afe56d8113424307490,53,41,#ffffff
5fc17afe56d8113424307491,54,41,#ffffff
5fc17afe56d8113424307492,55,41,#ffffff
5fc17afe56d8113424307493,56,41,#ffffff
5fc17afe56d8113424307494,57,41,#ffffff
5fc17afe56d8113424307495,58,41,#ffffff
5fc17afe56d8113424307496,59,41,#ffffff
5fc17afe56d8113424307497,60,41,#ffffff
5fc17afe56d8113424307498,61,41,#ffffff
5fc17afe56d8113424307499,62,41,#ffffff
5fc17afe56d811342430749a,63,41,#ffffff
5fc17afe56d811342430749b,64,41,#ffffff
5fc17afe56d811342430749c,65,41,#ffffff
5fc17afe56d811342430749d,66,41,#ffffff
5fc17afe56d811342430749e,67,41,#ffffff
5fc17afe56d811342430749f,68,41,#ffffff
5fc17afe56d81134243074a0,69,41,#ffffff
5fc17afe56d81134243074a1,70,41,#ffffff
5fc17afe56d81134243074a2,71,41,#ffffff
5fc17afe56d81134243074a3,72,41,#ffffff
5fc17afe56d81134243074a4,73,41,#ffffff
5fc17afe56d81134243074a5,74,41,#ffffff
5fc17afe56d81134243074a6,75,41,#ffffff
5fc17afe56d81134243074a7,76,41,#ffffff
5fc17afe56d81134243074a8,77,41,#ffffff
5fc17afe56d81134243074a9,78,41,#ffffff
5fc17afe56d81134243074aa,79,41,#ffffff
5fc17afe56d81134243074ab,80,41,#ffffff
5fc17afe56d81134243074ac,81,41,#ffffff
5fc17afe56d81134243074ad,82,41,#ffffff
5fc17afe56d81134243074ae,83,41,#ffffff
5fc17afe56d81134243074af,84,41,#ffffff
5fc17afe56d81134243074b0,85,41,#ffffff
5fc17afe56d81134243074b1,86,41,#ffffff
5fc17afe56d81134243074b2,87,41,#ffffff
5fc17afe56d81134243074b3,88,41,#ffffff
5fc17afe56d81134243074b4,89,41,#ffffff
5fc17afe56d81134243074b5,90,41,#ffffff
5fc17afe56d81134243074b6,91,41,#ffffff
5fc17afe56d81134243074b7,92,41,#ffffff
5fc17afe56d81134243074b8,93,41,#ffffff
5fc17afe56d81134243074b9,94,41,#ffffff
5fc17afe56d81134243074ba,95,41,#ffffff
5fc17afe56d81134243074bb,96,41,#ffffff
5fc17afe56d81134243074bc,97,41,#ffffff
5fc17afe56d81134243074bd,98,41,#ffffff
5fc17afe56d81134243074be,99,41,#ffffff
5fc17afe56d81134243074bf,100,41,#ffffff
5fc17afe56d81134243074c0,0,42,#ffffff
5fc17afe56d81134243074c1,1,42,#ffffff
5fc17afe56d81134243074c2,2,42,#ffffff
5fc17afe56d81134243074c3,3,42,#ffffff
5fc17afe56d81134243074c4,4,42,#ffffff
5fc17afe56d81134243074c5,5,42,#ffffff
5fc17afe56d81134243074c6,6,42,#ffffff
5fc17afe56d81134243074c7,7,42,#ffffff
5fc17afe56d81134243074c8,8,42,#ffffff
5fc17afe56d81134243074c9,9,42,#ffffff
5fc17afe56d81134243074ca,10,42,#ffffff
5fc17afe56d81134243074cb,11,42,#ffffff
5fc17afe56d81134243074cc,12,42,#ffffff
5fc17afe56d81134243074cd,13,42,#ffffff
5fc17afe56d81134243074ce,14,42,#ffffff
5fc17afe56d81134243074cf,15,42,#ffffff
5fc17afe56d81134243074d0,16,42,#ffffff
5fc17afe56d81134243074d1,17,42,#ffffff
5fc17afe56d81134243074d2,18,42,#ffffff
5fc17afe56d81134243074d3,19,42,#ffffff
5fc17afe56d81134243074d4,20,42,#ffffff
5fc17afe56d81134243074d5,21,42,#ffffff
5fc17afe56d81134243074d6,22,42,#ffffff
5fc17afe56d81134243074d7,23,42,#ffffff
5fc17afe56d81134243074d8,24,42,#ffffff
5fc17afe56d81134243074d9,25,42,#ffffff
5fc17afe56d81134243074da,26,42,#ffffff
5fc17afe56d81134243074db,27,42,#ffffff
5fc17afe56d81134243074dc,28,42,#ffffff
5fc17afe56d81134243074dd,29,42,#ffffff
5fc17afe56d81134243074de,30,42,#ffffff
5fc17afe56d81134243074df,31,42,#ffffff
5fc17afe56d81134243074e0,32,42,#ffffff
5fc17afe56d81134243074e1,33,42,#ffffff
5fc17afe56d81134243074e2,34,42,#ffffff
5fc17afe56d81134243074e3,35,42,#ffffff
5fc17afe56d81134243074e4,36,42,#ffffff
5fc17afe56d81134243074e5,37,42,#ffffff
5fc17afe56d81134243074e6,38,42,#ffffff
5fc17afe56d81134243074e7,39,42,#ffffff
5fc17afe56d81134243074e8,40,42,#ffffff
5fc17afe56d81134243074e9,41,42,#ffffff
5fc17afe56d81134243074ea,42,42,#ffffff
5fc17afe56d81134243074eb,43,42,#ffffff
5fc17afe56d81134243074ec,44,42,#ffffff
5fc17afe56d81134243074ed,45,42,#ffffff
5fc17afe56d81134243074ee,46,42,#ffffff
5fc17afe56d81134243074ef,47,42,#ffffff
5fc17afe56d81134243074f0,48,42,#ffffff
5fc17afe56d81134243074f1,49,42,#ffffff
5fc17afe56d81134243074f2,50,42,#ffffff
5fc17afe56d81134243074f3,51,42,#ffffff
5fc17afe56d81134243074f4,52,42,#ffffff
5fc17afe56d81134243074f5,53,42,#ffffff
5fc17afe56d81134243074f6,54,42,#ffffff
5fc17afe56d81134243074f7,55,42,#ffffff
5fc17afe56d81134243074f8,56,42,#ffffff
5fc17afe56d81134243074f9,57,42,#ffffff
5fc17afe56d81134243074fa,58,42,#ffffff
5fc17afe56d81134243074fb,59,42,#ffffff
5fc17afe56d81134243074fc,60,42,#ffffff
5fc17afe56d81134243074fd,61,42,#ffffff
5fc17afe56d81134243074fe,62,42,#ffffff
5fc17afe56d81134243074ff,63,42,#ffffff
5fc17afe56d8113424307500,64,42,#ffffff
5fc17afe56d8113424307501,65,42,#ffffff
5fc17afe56d8113424307502,66,42,#ffffff
5fc17afe56d8113424307503,67,42,#ffffff
5fc17afe56d8113424307504,68,42,#ffffff
5fc17afe56d8113424307505,69,42,#ffffff
5fc17afe56d8113424307506,70,42,#ffffff
5fc17afe56d8113424307507,71,42,#ffffff
5fc17afe56d8113424307508,72,42,#ffffff
5fc17afe56d8113424307509,73,42,#ffffff
5fc17afe56d811342430750a,74,42,#ffffff
5fc17afe56d811342430750b,75,42,#ffffff
5fc17afe56d811342430750c,76,42,#ffffff
5fc17afe56d811342430750d,77,42,#ffffff
5fc17afe56d811342430750e,78,42,#ffffff
5fc17afe56d811342430750f,79,42,#ffffff
5fc17afe56d8113424307510,80,42,#ffffff
5fc17afe56d8113424307511,81,42,#ffffff
5fc17afe56d8113424307512,82,42,#ffffff
5fc17afe56d8113424307513,83,42,#ffffff
5fc17afe56d8113424307514,84,42,#ffffff
5fc17afe56d8113424307515,85,42,#ffffff
5fc17afe56d8113424307516,86,42,#ffffff
5fc17afe56d8113424307517,87,42,#ffffff
5fc17afe56d8113424307518,88,42,#ffffff
5fc17afe56d8113424307519,89,42,#ffffff
5fc17afe56d811342430751a,90,42,#ffffff
5fc17afe56d811342430751b,91,42,#ffffff
5fc17afe56d811342430751c,92,42,#ffffff
5fc17afe56d811342430751d,93,42,#ffffff
5fc17afe56d811342430751e,94,42,#ffffff
5fc17afe56d811342430751f,95,42,#ffffff
5fc17afe56d8113424307520,96,42,#ffffff
5fc17afe56d8113424307521,97,42,#ffffff
5fc17afe56d8113424307522,98,42,#ffffff
5fc17afe56d8113424307523,99,42,#ffffff
5fc17afe56d8113424307524,100,42,#ffffff
5fc17afe56d8113424307525,0,43,#ffffff
5fc17afe56d8113424307526,1,43,#ffffff
5fc17afe56d8113424307527,2,43,#ffffff
5fc17afe56d8113424307528,3,43,#ffffff
5fc17afe56d8113424307529,4,43,#ffffff
5fc17afe56d811342430752a,5,43,#ffffff
5fc17afe56d811342430752b,6,43,#ffffff
5fc17afe56d811342430752c,7,43,#ffffff
5fc17afe56d811342430752d,8,43,#ffffff
5fc17afe56d811342430752e,9,43,#ffffff
5fc17afe56d811342430752f,10,43,#ffffff
5fc17afe56d8113424307530,11,43,#ffffff
5fc17afe56d8113424307531,12,43,#ffffff
5fc17afe56d8113424307532,13,43,#ffffff
5fc17afe56d8113424307533,14,43,#ffffff
5fc17afe56d8113424307534,15,43,#ffffff
5fc17afe56d8113424307535,16,43,#ffffff
5fc17afe56d8113424307536,17,43,#ffffff
5fc17afe56d8113424307537,18,43,#ffffff
5fc17afe56d8113424307538,19,43,#ffffff
5fc17afe56d8113424307539,20,43,#ffffff
5fc17afe56d811342430753a,21,43,#ffffff
5fc17afe56d811342430753b,22,43,#ffffff
5fc17afe56d811342430753c,23,43,#ffffff
5fc17afe56d811342430753d,24,43,#ffffff
5fc17afe56d811342430753e,25,43,#ffffff
5fc17afe56d811342430753f,26,43,#ffffff
5fc17afe56d8113424307540,27,43,#ffffff
5fc17afe56d8113424307541,28,43,#ffffff
5fc17afe56d8113424307542,29,43,#ffffff
5fc17afe56d8113424307543,30,43,#ffffff
5fc17afe56d8113424307544,31,43,#ffffff
5fc17afe56d8113424307545,32,43,#ffffff
5fc17afe56d8113424307546,33,43,#ffffff
5fc17afe56d8113424307547,34,43,#ffffff
5fc17afe56d8113424307548,35,43,#ffffff
5fc17afe56d8113424307549,36,43,#ffffff
5fc17afe56d811342430754a,37,43,#ffffff
5fc17afe56d811342430754b,38,43,#ffffff
5fc17afe56d811342430754c,39,43,#ffffff
5fc17afe56d811342430754d,40,43,#ffffff
5fc17afe56d811342430754e,41,43,#ffffff
5fc17afe56d811342430754f,42,43,#ffffff
5fc17afe56d8113424307550,43,43,#ffffff
5fc17afe56d8113424307551,44,43,#ffffff
5fc17afe56d8113424307552,45,43,#ffffff
5fc17afe56d8113424307553,46,43,#ffffff
5fc17afe56d8113424307554,47,43,#ffffff
5fc17afe56d8113424307555,48,43,#ffffff
5fc17afe56d8113424307556,49,43,#ffffff
5fc17afe56d8113424307557,50,43,#ffffff
5fc17afe56d8113424307558,51,43,#ffffff
5fc17afe56d8113424307559,52,43,#ffffff
5fc17afe56d811342430755a,53,43,#ffffff
5fc17afe56d811342430755b,54,43,#ffffff
5fc17afe56d811342430755c,55,43,#ffffff
5fc17afe56d811342430755d,56,43,#ffffff
5fc17afe56d811342430755e,57,43,#ffffff
5fc17afe56d811342430755f,58,43,#ffffff
5fc17afe56d8113424307560,59,43,#ffffff
5fc17afe56d8113424307561,60,43,#ffffff
5fc17afe56d8113424307562,61,43,#ffffff
5fc17afe56d8113424307563,62,43,#ffffff
5fc17afe56d8113424307564,63,43,#ffffff
5fc17afe56d8113424307565,64,43,#ffffff
5fc17afe56d8113424307566,65,43,#ffffff
5fc17afe56d8113424307567,66,43,#ffffff
5fc17afe56d8113424307568,67,43,#ffffff
5fc17afe56d8113424307569,68,43,#ffffff
5fc17afe56d811342430756a,69,43,#ffffff
5fc17afe56d811342430756b,70,43,#ffffff
5fc17afe56d811342430756c,71,43,#ffffff
5fc17afe56d811342430756d,72,43,#ffffff
5fc17afe56d811342430756e,73,43,#ffffff
5fc17afe56d811342430756f,74,43,#ffffff
5fc17afe56d8113424307570,75,43,#ffffff
5fc17afe56d8113424307571,76,43,#ffffff
5fc17afe56d8113424307572,77,43,#ffffff
5fc17afe56d8113424307573,78,43,#ffffff
5fc17afe56d8113424307574,79,43,#ffffff
5fc17afe56d8113424307575,80,43,#ffffff
5fc17afe56d8113424307576,81,43,#ffffff
5fc17afe56d8113424307577,82,43,#ffffff
5fc17afe56d8113424307578,83,43,#ffffff
5fc17afe56d8113424307579,84,43,#ffffff
5fc17afe56d811342430757a,85,43,#ffffff
5fc17afe56d811342430757b,86,43,#ffffff
5fc17afe56d811342430757c,87,43,#ffffff
5fc17afe56d811342430757d,88,43,#ffffff
5fc17afe56d811342430757e,89,43,#ffffff
5fc17afe56d811342430757f,90,43,#ffffff
5fc17afe56d8113424307580,91,43,#ffffff
5fc17afe56d8113424307581,92,43,#ffffff
5fc17afe56d8113424307582,93,43,#ffffff
5fc17afe56d8113424307583,94,43,#ffffff
5fc17afe56d8113424307584,95,43,#ffffff
5fc17afe56d8113424307585,96,43,#ffffff
5fc17afe56d8113424307586,97,43,#ffffff
5fc17afe56d8113424307587,98,43,#ffffff
5fc17afe56d8113424307588,99,43,#ffffff
5fc17afe56d8113424307589,100,43,#ffffff
5fc17afe56d811342430758a,0,44,#ffffff
5fc17afe56d811342430758b,1,44,#ffffff
5fc17afe56d811342430758c,2,44,#ffffff
5fc17afe56d811342430758d,3,44,#ffffff
5fc17afe56d811342430758e,4,44,#ffffff
5fc17afe56d811342430758f,5,44,#ffffff
5fc17afe56d8113424307590,6,44,#ffffff
5fc17afe56d8113424307591,7,44,#ffffff
5fc17afe56d8113424307592,8,44,#ffffff
5fc17afe56d8113424307593,9,44,#ffffff
5fc17afe56d8113424307594,10,44,#ffffff
5fc17afe56d8113424307595,11,44,#ffffff
5fc17afe56d8113424307596,12,44,#ffffff
5fc17afe56d8113424307597,13,44,#ffffff
5fc17afe56d8113424307598,14,44,#ffffff
5fc17afe56d8113424307599,15,44,#ffffff
5fc17afe56d811342430759a,16,44,#ffffff
5fc17afe56d811342430759b,17,44,#ffffff
5fc17afe56d811342430759c,18,44,#ffffff
5fc17afe56d811342430759d,19,44,#ffffff
5fc17afe56d811342430759e,20,44,#ffffff
5fc17afe56d811342430759f,21,44,#ffffff
5fc17afe56d81134243075a0,22,44,#ffffff
5fc17afe56d81134243075a1,23,44,#ffffff
5fc17afe56d81134243075a2,24,44,#ffffff
5fc17afe56d81134243075a3,25,44,#ffffff
5fc17afe56d81134243075a4,26,44,#ffffff
5fc17afe56d81134243075a5,27,44,#ffffff
5fc17afe56d81134243075a6,28,44,#ffffff
5fc17afe56d81134243075a7,29,44,#ffffff
5fc17afe56d81134243075a8,30,44,#ffffff
5fc17afe56d81134243075a9,31,44,#ffffff
5fc17afe56d81134243075aa,32,44,#ffffff
5fc17afe56d81134243075ab,33,44,#ffffff
5fc17afe56d81134243075ac,34,44,#ffffff
5fc17afe56d81134243075ad,35,44,#ffffff
5fc17afe56d81134243075ae,36,44,#ffffff
5fc17afe56d81134243075af,37,44,#ffffff
5fc17afe56d81134243075b0,38,44,#ffffff
5fc17afe56d81134243075b1,39,44,#ffffff
5fc17afe56d81134243075b2,40,44,#ffffff
5fc17afe56d81134243075b3,41,44,#ffffff
5fc17afe56d81134243075b4,42,44,#ffffff
5fc17afe56d81134243075b5,43,44,#ffffff
5fc17afe56d81134243075b6,44,44,#ffffff
5fc17afe56d81134243075b7,45,44,#ffffff
5fc17afe56d81134243075b8,46,44,#ffffff
5fc17afe56d81134243075b9,47,44,#ffffff
5fc17afe56d81134243075ba,48,44,#ffffff
5fc17afe56d81134243075bb,49,44,#ffffff
5fc17afe56d81134243075bc,50,44,#ffffff
5fc17afe56d81134243075bd,51,44,#ffffff
5fc17afe56d81134243075be,52,44,#ffffff
5fc17afe56d81134243075bf,53,44,#ffffff
5fc17afe56d81134243075c0,54,44,#ffffff
5fc17afe56d81134243075c1,55,44,#ffffff
5fc17afe56d81134243075c2,56,44,#ffffff
5fc17afe56d81134243075c3,57,44,#ffffff
5fc17afe56d81134243075c4,58,44,#ffffff
5fc17afe56d81134243075c5,59,44,#ffffff
5fc17afe56d81134243075c6,60,44,#ffffff
5fc17afe56d81134243075c7,61,44,#ffffff
5fc17afe56d81134243075c8,62,44,#ffffff
5fc17afe56d81134243075c9,63,44,#ffffff
5fc17afe56d81134243075ca,64,44,#ffffff
5fc17afe56d81134243075cb,65,44,#ffffff
5fc17afe56d81134243075cc,66,44,#ffffff
5fc17afe56d81134243075cd,67,44,#ffffff
5fc17afe56d81134243075ce,68,44,#ffffff
5fc17afe56d81134243075cf,69,44,#ffffff
5fc17afe56d81134243075d0,70,44,#ffffff
5fc17afe56d81134243075d1,71,44,#ffffff
5fc17afe56d81134243075d2,72,44,#ffffff
5fc17afe56d81134243075d3,73,44,#ffffff
5fc17afe56d81134243075d4,74,44,#ffffff
5fc17afe56d81134243075d5,75,44,#ffffff
5fc17afe56d81134243075d6,76,44,#ffffff
5fc17afe56d81134243075d7,77,44,#ffffff
5fc17afe56d81134243075d8,78,44,#ffffff
5fc17afe56d81134243075d9,79,44,#ffffff
5fc17afe56d81134243075da,80,44,#ffffff
5fc17afe56d81134243075db,81,44,#ffffff
5fc17afe56d81134243075dc,82,44,#ffffff
5fc17afe56d81134243075dd,83,44,#ffffff
5fc17afe56d81134243075de,84,44,#ffffff
5fc17afe56d81134243075df,85,44,#ffffff
5fc17afe56d81134243075e0,86,44,#ffffff
5fc17afe56d81134243075e1,87,44,#ffffff
5fc17afe56d81134243075e2,88,44,#ffffff
5fc17afe56d81134243075e3,89,44,#ffffff
5fc17afe56d81134243075e4,90,44,#ffffff
5fc17afe56d81134243075e5,91,44,#ffffff
5fc17afe56d81134243075e6,92,44,#ffffff
5fc17afe56d81134243075e7,93,44,#ffffff
5fc17afe56d81134243075e8,94,44,#ffffff
5fc17afe56d81134243075e9,95,44,#ffffff
5fc17afe56d81134243075ea,96,44,#ffffff
5fc17afe56d81134243075eb,97,44,#ffffff
5fc17afe56d81134243075ec,98,44,#ffffff
5fc17afe56d81134243075ed,99,44,#ffffff
5fc17afe56d81134243075ee,100,44,#ffffff
5fc17afe56d81134243075ef,0,45,#ffffff
5fc17afe56d81134243075f0,1,45,#ffffff
5fc17afe56d81134243075f1,2,45,#ffffff
5fc17afe56d81134243075f2,3,45,#ffffff
5fc17afe56d81134243075f3,4,45,#ffffff
5fc17afe56d81134243075f4,5,45,#ffffff
5fc17afe56d81134243075f5,6,45,#ffffff
5fc17afe56d81134243075f6,7,45,#ffffff
5fc17afe56d81134243075f7,8,45,#ffffff
5fc17afe56d81134243075f8,9,45,#ffffff
5fc17afe56d81134243075f9,10,45,#ffffff
5fc17afe56d81134243075fa,11,45,#ffffff
5fc17afe56d81134243075fb,12,45,#ffffff
5fc17afe56d81134243075fc,13,45,#ffffff
5fc17afe56d81134243075fd,14,45,#ffffff
5fc17afe56d81134243075fe,15,45,#ffffff
5fc17afe56d81134243075ff,16,45,#ffffff
5fc17afe56d8113424307600,17,45,#ffffff
5fc17afe56d8113424307601,18,45,#ffffff
5fc17afe56d8113424307602,19,45,#ffffff
5fc17afe56d8113424307603,20,45,#ffffff
5fc17afe56d8113424307604,21,45,#ffffff
5fc17afe56d8113424307605,22,45,#ffffff
5fc17afe56d8113424307606,23,45,#ffffff
5fc17afe56d8113424307607,24,45,#ffffff
5fc17afe56d8113424307608,25,45,#ffffff
5fc17afe56d8113424307609,26,45,#ffffff
5fc17afe56d811342430760a,27,45,#ffffff
5fc17afe56d811342430760b,28,45,#ffffff
5fc17afe56d811342430760c,29,45,#ffffff
5fc17afe56d811342430760d,30,45,#ffffff
5fc17afe56d811342430760e,31,45,#ffffff
5fc17afe56d811342430760f,32,45,#ffffff
5fc17afe56d8113424307610,33,45,#ffffff
5fc17afe56d8113424307611,34,45,#ffffff
5fc17afe56d8113424307612,35,45,#ffffff
5fc17afe56d8113424307613,36,45,#ffffff
5fc17afe56d8113424307614,37,45,#ffffff
5fc17afe56d8113424307615,38,45,#ffffff
5fc17afe56d8113424307616,39,45,#ffffff
5fc17afe56d8113424307617,40,45,#ffffff
5fc17afe56d8113424307618,41,45,#ffffff
5fc17afe56d8113424307619,42,45,#ffffff
5fc17afe56d811342430761a,43,45,#ffffff
5fc17afe56d811342430761b,44,45,#ffffff
5fc17afe56d811342430761c,45,45,#ffffff
5fc17afe56d811342430761d,46,45,#ffffff
5fc17afe56d811342430761e,47,45,#ffffff
5fc17afe56d811342430761f,48,45,#ffffff
5fc17afe56d8113424307620,49,45,#ffffff
5fc17afe56d8113424307621,50,45,#ffffff
5fc17afe56d8113424307622,51,45,#ffffff
5fc17afe56d8113424307623,52,45,#ffffff
5fc17afe56d8113424307624,53,45,#ffffff
5fc17afe56d8113424307625,54,45,#ffffff
5fc17afe56d8113424307626,55,45,#ffffff
5fc17afe56d8113424307627,56,45,#ffffff
5fc17afe56d8113424307628,57,45,#ffffff
5fc17afe56d8113424307629,58,45,#ffffff
5fc17afe56d811342430762a,59,45,#ffffff
5fc17afe56d811342430762b,60,45,#ffffff
5fc17afe56d811342430762c,61,45,#ffffff
5fc17afe56d811342430762d,62,45,#ffffff
5fc17afe56d811342430762e,63,45,#ffffff
5fc17afe56d811342430762f,64,45,#ffffff
5fc17afe56d8113424307630,65,45,#ffffff
5fc17afe56d8113424307631,66,45,#ffffff
5fc17afe56d8113424307632,67,45,#ffffff
5fc17afe56d8113424307633,68,45,#ffffff
5fc17afe56d8113424307634,69,45,#ffffff
5fc17afe56d8113424307635,70,45,#ffffff
5fc17afe56d8113424307636,71,45,#ffffff
5fc17afe56d8113424307637,72,45,#ffffff
5fc17afe56d8113424307638,73,45,#ffffff
5fc17afe56d8113424307639,74,45,#ffffff
5fc17afe56d811342430763a,75,45,#ffffff
5fc17afe56d811342430763b,76,45,#ffffff
5fc17afe56d811342430763c,77,45,#ffffff
5fc17afe56d811342430763d,78,45,#ffffff
5fc17afe56d811342430763e,79,45,#ffffff
5fc17afe56d811342430763f,80,45,#ffffff
5fc17afe56d8113424307640,81,45,#ffffff
5fc17afe56d8113424307641,82,45,#ffffff
5fc17afe56d8113424307642,83,45,#ffffff
5fc17afe56d8113424307643,84,45,#ffffff
5fc17afe56d8113424307644,85,45,#ffffff
5fc17afe56d8113424307645,86,45,#ffffff
5fc17afe56d8113424307646,87,45,#ffffff
5fc17afe56d8113424307647,88,45,#ffffff
5fc17afe56d8113424307648,89,45,#ffffff
5fc17afe56d8113424307649,90,45,#ffffff
5fc17afe56d811342430764a,91,45,#ffffff
5fc17afe56d811342430764b,92,45,#ffffff
5fc17afe56d811342430764c,93,45,#ffffff
5fc17afe56d811342430764d,94,45,#ffffff
5fc17afe56d811342430764e,95,45,#ffffff
5fc17afe56d811342430764f,96,45,#ffffff
5fc17afe56d8113424307650,97,45,#ffffff
5fc17afe56d8113424307651,98,45,#ffffff
5fc17afe56d8113424307652,99,45,#ffffff
5fc17afe56d8113424307653,100,45,#ffffff
5fc17afe56d8113424307654,0,46,#ffffff
5fc17afe56d8113424307655,1,46,#ffffff
5fc17afe56d8113424307656,2,46,#ffffff
5fc17afe56d8113424307657,3,46,#ffffff
5fc17afe56d8113424307658,4,46,#ffffff
5fc17afe56d8113424307659,5,46,#ffffff
5fc17afe56d811342430765a,6,46,#ffffff
5fc17afe56d811342430765b,7,46,#ffffff
5fc17afe56d811342430765c,8,46,#ffffff
5fc17afe56d811342430765d,9,46,#ffffff
5fc17afe56d811342430765e,10,46,#ffffff
5fc17afe56d811342430765f,11,46,#ffffff
5fc17afe56d8113424307660,12,46,#ffffff
5fc17afe56d8113424307661,13,46,#ffffff
5fc17afe56d8113424307662,14,46,#ffffff
5fc17afe56d8113424307663,15,46,#ffffff
5fc17afe56d8113424307664,16,46,#ffffff
5fc17afe56d8113424307665,17,46,#ffffff
5fc17afe56d8113424307666,18,46,#ffffff
5fc17afe56d8113424307667,19,46,#ffffff
5fc17afe56d8113424307668,20,46,#ffffff
5fc17afe56d8113424307669,21,46,#ffffff
5fc17afe56d811342430766a,22,46,#ffffff
5fc17afe56d811342430766b,23,46,#ffffff
5fc17afe56d811342430766c,24,46,#ffffff
5fc17afe56d811342430766d,25,46,#ffffff
5fc17afe56d811342430766e,26,46,#ffffff
5fc17afe56d811342430766f,27,46,#ffffff
5fc17afe56d8113424307670,28,46,#ffffff
5fc17afe56d8113424307671,29,46,#ffffff
5fc17afe56d8113424307672,30,46,#ffffff
5fc17afe56d8113424307673,31,46,#ffffff
5fc17afe56d8113424307674,32,46,#ffffff
5fc17afe56d8113424307675,33,46,#ffffff
5fc17afe56d8113424307676,34,46,#ffffff
5fc17afe56d8113424307677,35,46,#ffffff
5fc17afe56d8113424307678,36,46,#ffffff
5fc17afe56d8113424307679,37,46,#ffffff
5fc17afe56d811342430767a,38,46,#ffffff
5fc17afe56d811342430767b,39,46,#ffffff
5fc17afe56d811342430767c,40,46,#ffffff
5fc17afe56d811342430767d,41,46,#ffffff
5fc17afe56d811342430767e,42,46,#ffffff
5fc17afe56d811342430767f,43,46,#ffffff
5fc17afe56d8113424307680,44,46,#ffffff
5fc17afe56d8113424307681,45,46,#ffffff
5fc17afe56d8113424307682,46,46,#ffffff
5fc17afe56d8113424307683,47,46,#ffffff
5fc17afe56d8113424307684,48,46,#ffffff
5fc17afe56d8113424307685,49,46,#ffffff
5fc17afe56d8113424307686,50,46,#ffffff
5fc17afe56d8113424307687,51,46,#ffffff
5fc17afe56d8113424307688,52,46,#ffffff
5fc17afe56d8113424307689,53,46,#ffffff
5fc17afe56d811342430768a,54,46,#ffffff
5fc17afe56d811342430768b,55,46,#ffffff
5fc17afe56d811342430768c,56,46,#ffffff
5fc17afe56d811342430768d,57,46,#ffffff
5fc17afe56d811342430768e,58,46,#ffffff
5fc17afe56d811342430768f,59,46,#ffffff
5fc17afe56d8113424307690,60,46,#ffffff
5fc17afe56d8113424307691,61,46,#ffffff
5fc17afe56d8113424307692,62,46,#ffffff
5fc17afe56d8113424307693,63,46,#ffffff
5fc17afe56d8113424307694,64,46,#ffffff
5fc17afe56d8113424307695,65,46,#ffffff
5fc17afe56d8113424307696,66,46,#ffffff
5fc17afe56d8113424307697,67,46,#ffffff
5fc17afe56d8113424307698,68,46,#ffffff
5fc17afe56d8113424307699,69,46,#ffffff
5fc17afe56d811342430769a,70,46,#ffffff
5fc17afe56d811342430769b,71,46,#ffffff
5fc17afe56d811342430769c,72,46,#ffffff
5fc17afe56d811342430769d,73,46,#ffffff
5fc17afe56d811342430769e,74,46,#ffffff
5fc17afe56d811342430769f,75,46,#ffffff
5fc17afe56d81134243076a0,76,46,#ffffff
5fc17afe56d81134243076a1,77,46,#ffffff
5fc17afe56d81134243076a2,78,46,#ffffff
5fc17afe56d81134243076a3,79,46,#ffffff
5fc17afe56d81134243076a4,80,46,#ffffff
5fc17afe56d81134243076a5,81,46,#ffffff
5fc17afe56d81134243076a6,82,46,#ffffff
5fc17afe56d81134243076a7,83,46,#ffffff
5fc17afe56d81134243076a8,84,46,#ffffff
5fc17afe56d81134243076a9,85,46,#ffffff
5fc17afe56d81134243076aa,86,46,#ffffff
5fc17afe56d81134243076ab,87,46,#ffffff
5fc17afe56d81134243076ac,88,46,#ffffff
5fc17afe56d81134243076ad,89,46,#ffffff
5fc17afe56d81134243076ae,90,46,#ffffff
5fc17afe56d81134243076af,91,46,#ffffff
5fc17afe56d81134243076b0,92,46,#ffffff
5fc17afe56d81134243076b1,93,46,#ffffff
5fc17afe56d81134243076b2,94,46,#ffffff
5fc17afe56d81134243076b3,95,46,#ffffff
5fc17afe56d81134243076b4,96,46,#ffffff
5fc17afe56d81134243076b5,97,46,#ffffff
5fc17afe56d81134243076b6,98,46,#ffffff
5fc17afe56d81134243076b7,99,46,#ffffff
5fc17afe56d81134243076b8,100,46,#ffffff
5fc17afe56d81134243076b9,0,47,#ffffff
5fc17afe56d81134243076ba,1,47,#ffffff
5fc17afe56d81134243076bb,2,47,#ffffff
5fc17afe56d81134243076bc,3,47,#ffffff
5fc17afe56d81134243076bd,4,47,#ffffff
5fc17afe56d81134243076be,5,47,#ffffff
5fc17afe56d81134243076bf,6,47,#ffffff
5fc17afe56d81134243076c0,7,47,#ffffff
5fc17afe56d81134243076c1,8,47,#ffffff
5fc17afe56d81134243076c2,9,47,#ffffff
5fc17afe56d81134243076c3,10,47,#ffffff
5fc17afe56d81134243076c4,11,47,#ffffff
5fc17afe56d81134243076c5,12,47,#ffffff
5fc17afe56d81134243076c6,13,47,#ffffff
5fc17afe56d81134243076c7,14,47,#ffffff
5fc17afe56d81134243076c8,15,47,#ffffff
5fc17afe56d81134243076c9,16,47,#ffffff
5fc17afe56d81134243076ca,17,47,#ffffff
5fc17afe56d81134243076cb,18,47,#ffffff
5fc17afe56d81134243076cc,19,47,#ffffff
5fc17afe56d81134243076cd,20,47,#ffffff
5fc17afe56d81134243076ce,21,47,#ffffff
5fc17afe56d81134243076cf,22,47,#ffffff
5fc17afe56d81134243076d0,23,47,#ffffff
5fc17afe56d81134243076d1,24,47,#ffffff
5fc17afe56d81134243076d2,25,47,#ffffff
5fc17afe56d81134243076d3,26,47,#ffffff
5fc17afe56d81134243076d4,27,47,#ffffff
5fc17afe56d81134243076d5,28,47,#ffffff
5fc17afe56d81134243076d6,29,47,#ffffff
5fc17afe56d81134243076d7,30,47,#ffffff
5fc17afe56d81134243076d8,31,47,#ffffff
5fc17afe56d81134243076d9,32,47,#ffffff
5fc17afe56d81134243076da,33,47,#ffffff
5fc17afe56d81134243076db,34,47,#ffffff
5fc17afe56d81134243076dc,35,47,#ffffff
5fc17afe56d81134243076dd,36,47,#ffffff
5fc17afe56d81134243076de,37,47,#ffffff
5fc17afe56d81134243076df,38,47,#ffffff
5fc17afe56d81134243076e0,39,47,#ffffff
5fc17afe56d81134243076e1,40,47,#ffffff
5fc17afe56d81134243076e2,41,47,#ffffff
5fc17afe56d81134243076e3,42,47,#ffffff
5fc17afe56d81134243076e4,43,47,#ffffff
5fc17afe56d81134243076e5,44,47,#ffffff
5fc17afe56d81134243076e6,45,47,#ffffff
5fc17afe56d81134243076e7,46,47,#ffffff
5fc17afe56d81134243076e8,47,47,#ffffff
5fc17afe56d81134243076e9,48,47,#ffffff
5fc17afe56d81134243076ea,49,47,#ffffff
5fc17afe56d81134243076eb,50,47,#ffffff
5fc17afe56d81134243076ec,51,47,#ffffff
5fc17afe56d81134243076ed,52,47,#ffffff
5fc17afe56d81134243076ee,53,47,#ffffff
5fc17afe56d81134243076ef,54,47,#ffffff
5fc17afe56d81134243076f0,55,47,#ffffff
5fc17afe56d81134243076f1,56,47,#ffffff
5fc17afe56d81134243076f2,57,47,#ffffff
5fc17afe56d81134243076f3,58,47,#ffffff
5fc17afe56d81134243076f4,59,47,#ffffff
5fc17afe56d81134243076f5,60,47,#ffffff
5fc17afe56d81134243076f6,61,47,#ffffff
5fc17afe56d81134243076f7,62,47,#ffffff
5fc17afe56d81134243076f8,63,47,#ffffff
5fc17afe56d81134243076f9,64,47,#ffffff
5fc17afe56d81134243076fa,65,47,#ffffff
5fc17afe56d81134243076fb,66,47,#ffffff
5fc17afe56d81134243076fc,67,47,#ffffff
5fc17afe56d81134243076fd,68,47,#ffffff
5fc17afe56d81134243076fe,69,47,#ffffff
5fc17afe56d81134243076ff,70,47,#ffffff
5fc17afe56d8113424307700,71,47,#ffffff
5fc17afe56d8113424307701,72,47,#ffffff
5fc17afe56d8113424307702,73,47,#ffffff
5fc17afe56d8113424307703,74,47,#ffffff
5fc17afe56d8113424307704,75,47,#ffffff
5fc17afe56d8113424307705,76,47,#ffffff
5fc17afe56d8113424307706,77,47,#ffffff
5fc17afe56d8113424307707,78,47,#ffffff
5fc17afe56d8113424307708,79,47,#ffffff
5fc17afe56d8113424307709,80,47,#ffffff
5fc17afe56d811342430770a,81,47,#ffffff
5fc17afe56d811342430770b,82,47,#ffffff
5fc17afe56d811342430770c,83,47,#ffffff
5fc17afe56d811342430770d,84,47,#ffffff
5fc17afe56d811342430770e,85,47,#ffffff
5fc17afe56d811342430770f,86,47,#ffffff
5fc17afe56d8113424307710,87,47,#ffffff
5fc17afe56d8113424307711,88,47,#ffffff
5fc17afe56d8113424307712,89,47,#ffffff
5fc17afe56d8113424307713,90,47,#ffffff
5fc17afe56d8113424307714,91,47,#ffffff
5fc17afe56d8113424307715,92,47,#ffffff
5fc17afe56d8113424307716,93,47,#ffffff
5fc17afe56d8113424307717,94,47,#ffffff
5fc17afe56d8113424307718,95,47,#ffffff
5fc17afe56d8113424307719,96,47,#ffffff
5fc17afe56d811342430771a,97,47,#ffffff
5fc17afe56d811342430771b,98,47,#ffffff
5fc17afe56d811342430771c,99,47,#ffffff
5fc17afe56d811342430771d,100,47,#ffffff
5fc17afe56d811342430771e,0,48,#ffffff
5fc17afe56d811342430771f,1,48,#ffffff
5fc17afe56d8113424307720,2,48,#ffffff
5fc17afe56d8113424307721,3,48,#ffffff
5fc17afe56d8113424307722,4,48,#ffffff
5fc17afe56d8113424307723,5,48,#ffffff
5fc17afe56d8113424307724,6,48,#ffffff
5fc17afe56d8113424307725,7,48,#ffffff
5fc17afe56d8113424307726,8,48,#ffffff
5fc17afe56d8113424307727,9,48,#ffffff
5fc17afe56d8113424307728,10,48,#ffffff
5fc17afe56d8113424307729,11,48,#ffffff
5fc17afe56d811342430772a,12,48,#ffffff
5fc17afe56d811342430772b,13,48,#ffffff
5fc17afe56d811342430772c,14,48,#ffffff
5fc17afe56d811342430772d,15,48,#ffffff
5fc17afe56d811342430772e,16,48,#ffffff
5fc17afe56d811342430772f,17,48,#ffffff
5fc17afe56d8113424307730,18,48,#ffffff
5fc17afe56d8113424307731,19,48,#ffffff
5fc17afe56d8113424307732,20,48,#ffffff
5fc17afe56d8113424307733,21,48,#ffffff
5fc17afe56d8113424307734,22,48,#ffffff
5fc17afe56d8113424307735,23,48,#ffffff
5fc17afe56d8113424307736,24,48,#ffffff
5fc17afe56d8113424307737,25,48,#ffffff
5fc17afe56d8113424307738,26,48,#ffffff
5fc17afe56d8113424307739,27,48,#ffffff
5fc17afe56d811342430773a,28,48,#ffffff
5fc17afe56d811342430773b,29,48,#ffffff
5fc17afe56d811342430773c,30,48,#ffffff
5fc17afe56d811342430773d,31,48,#ffffff
5fc17afe56d811342430773e,32,48,#ffffff
5fc17afe56d811342430773f,33,48,#ffffff
5fc17afe56d8113424307740,34,48,#ffffff
5fc17afe56d8113424307741,35,48,#ffffff
5fc17afe56d8113424307742,36,48,#ffffff
5fc17afe56d8113424307743,37,48,#ffffff
5fc17afe56d8113424307744,38,48,#ffffff
5fc17afe56d8113424307745,39,48,#ffffff
5fc17afe56d8113424307746,40,48,#ffffff
5fc17afe56d8113424307747,41,48,#ffffff
5fc17afe56d8113424307748,42,48,#ffffff
5fc17afe56d8113424307749,43,48,#ffffff
5fc17afe56d811342430774a,44,48,#ffffff
5fc17afe56d811342430774b,45,48,#ffffff
5fc17afe56d811342430774c,46,48,#ffffff
5fc17afe56d811342430774d,47,48,#ffffff
5fc17afe56d811342430774e,48,48,#ffffff
5fc17afe56d811342430774f,49,48,#ffffff
5fc17afe56d8113424307750,50,48,#ffffff
5fc17afe56d8113424307751,51,48,#ffffff
5fc17afe56d8113424307752,52,48,#ffffff
5fc17afe56d8113424307753,53,48,#ffffff
5fc17afe56d8113424307754,54,48,#ffffff
5fc17afe56d8113424307755,55,48,#ffffff
5fc17afe56d8113424307756,56,48,#ffffff
5fc17afe56d8113424307757,57,48,#ffffff
5fc17afe56d8113424307758,58,48,#ffffff
5fc17afe56d8113424307759,59,48,#ffffff
5fc17afe56d811342430775a,60,48,#ffffff
5fc17afe56d811342430775b,61,48,#ffffff
5fc17afe56d811342430775c,62,48,#ffffff
5fc17afe56d811342430775d,63,48,#ffffff
5fc17afe56d811342430775e,64,48,#ffffff
5fc17afe56d811342430775f,65,48,#ffffff
5fc17afe56d8113424307760,66,48,#ffffff
5fc17afe56d8113424307761,67,48,#ffffff
5fc17afe56d8113424307762,68,48,#ffffff
5fc17afe56d8113424307763,69,48,#ffffff
5fc17afe56d8113424307764,70,48,#ffffff
5fc17afe56d8113424307765,71,48,#ffffff
5fc17afe56d8113424307766,72,48,#ffffff
5fc17afe56d8113424307767,73,48,#ffffff
5fc17afe56d8113424307768,74,48,#ffffff
5fc17afe56d8113424307769,75,48,#ffffff
5fc17afe56d811342430776a,76,48,#ffffff
5fc17afe56d811342430776b,77,48,#ffffff
5fc17afe56d811342430776c,78,48,#ffffff
5fc17afe56d811342430776d,79,48,#ffffff
5fc17afe56d811342430776e,80,48,#ffffff
5fc17afe56d811342430776f,81,48,#ffffff
5fc17afe56d8113424307770,82,48,#ffffff
5fc17afe56d8113424307771,83,48,#ffffff
5fc17afe56d8113424307772,84,48,#ffffff
5fc17afe56d8113424307773,85,48,#ffffff
5fc17afe56d8113424307774,86,48,#ffffff
5fc17afe56d8113424307775,87,48,#ffffff
5fc17afe56d8113424307776,88,48,#ffffff
5fc17afe56d8113424307777,89,48,#ffffff
5fc17afe56d8113424307778,90,48,#ffffff
5fc17afe56d8113424307779,91,48,#ffffff
5fc17afe56d811342430777a,92,48,#ffffff
5fc17afe56d811342430777b,93,48,#ffffff
5fc17afe56d811342430777c,94,48,#ffffff
5fc17afe56d811342430777d,95,48,#ffffff
5fc17afe56d811342430777e,96,48,#ffffff
5fc17afe56d811342430777f,97,48,#ffffff
5fc17afe56d8113424307780,98,48,#ffffff
5fc17afe56d8113424307781,99,48,#ffffff
5fc17afe56d8113424307782,100,48,#ffffff
5fc17afe56d8113424307783,0,49,#ffffff
5fc17afe56d8113424307784,1,49,#ffffff
5fc17afe56d8113424307785,2,49,#ffffff
5fc17afe56d8113424307786,3,49,#ffffff
5fc17afe56d8113424307787,4,49,#ffffff
5fc17afe56d8113424307788,5,49,#ffffff
5fc17afe56d8113424307789,6,49,#ffffff
5fc17afe56d811342430778a,7,49,#ffffff
5fc17afe56d811342430778b,8,49,#ffffff
5fc17afe56d811342430778c,9,49,#ffffff
5fc17afe56d811342430778d,10,49,#ffffff
5fc17afe56d811342430778e,11,49,#ffffff
5fc17afe56d811342430778f,12,49,#ffffff
5fc17afe56d8113424307790,13,49,#ffffff
5fc17afe56d8113424307791,14,49,#ffffff
5fc17afe56d8113424307792,15,49,#ffffff
5fc17afe56d8113424307793,16,49,#ffffff
5fc17afe56d8113424307794,17,49,#ffffff
5fc17afe56d8113424307795,18,49,#ffffff
5fc17afe56d8113424307796,19,49,#ffffff
5fc17afe56d8113424307797,20,49,#ffffff
5fc17afe56d8113424307798,21,49,#ffffff
5fc17afe56d8113424307799,22,49,#ffffff
5fc17afe56d811342430779a,23,49,#ffffff
5fc17afe56d811342430779b,24,49,#ffffff
5fc17afe56d811342430779c,25,49,#ffffff
5fc17afe56d811342430779d,26,49,#ffffff
5fc17afe56d811342430779e,27,49,#ffffff
5fc17afe56d811342430779f,28,49,#ffffff
5fc17afe56d81134243077a0,29,49,#ffffff
5fc17afe56d81134243077a1,30,49,#ffffff
5fc17afe56d81134243077a2,31,49,#ffffff
5fc17afe56d81134243077a3,32,49,#ffffff
5fc17afe56d81134243077a4,33,49,#ffffff
5fc17afe56d81134243077a5,34,49,#ffffff
5fc17afe56d81134243077a6,35,49,#ffffff
5fc17afe56d81134243077a7,36,49,#ffffff
5fc17afe56d81134243077a8,37,49,#ffffff
5fc17afe56d81134243077a9,38,49,#ffffff
5fc17afe56d81134243077aa,39,49,#ffffff
5fc17afe56d81134243077ab,40,49,#ffffff
5fc17afe56d81134243077ac,41,49,#ffffff
5fc17afe56d81134243077ad,42,49,#ffffff
5fc17afe56d81134243077ae,43,49,#ffffff
5fc17afe56d81134243077af,44,49,#ffffff
5fc17afe56d81134243077b0,45,49,#ffffff
5fc17afe56d81134243077b1,46,49,#ffffff
5fc17afe56d81134243077b2,47,49,#ffffff
5fc17afe56d81134243077b3,48,49,#ffffff
5fc17afe56d81134243077b4,49,49,#ffffff
5fc17afe56d81134243077b5,50,49,#ffffff
5fc17afe56d81134243077b6,51,49,#ffffff
5fc17afe56d81134243077b7,52,49,#ffffff
5fc17afe56d81134243077b8,53,49,#ffffff
5fc17afe56d81134243077b9,54,49,#ffffff
5fc17afe56d81134243077ba,55,49,#ffffff
5fc17afe56d81134243077bb,56,49,#ffffff
5fc17afe56d81134243077bc,57,49,#ffffff
5fc17afe56d81134243077bd,58,49,#ffffff
5fc17afe56d81134243077be,59,49,#ffffff
5fc17afe56d81134243077bf,60,49,#ffffff
5fc17afe56d81134243077c0,61,49,#ffffff
5fc17afe56d81134243077c1,62,49,#ffffff
5fc17afe56d81134243077c2,63,49,#ffffff
5fc17afe56d81134243077c3,64,49,#ffffff
5fc17afe56d81134243077c4,65,49,#ffffff
5fc17afe56d81134243077c5,66,49,#ffffff
5fc17afe56d81134243077c6,67,49,#ffffff
5fc17afe56d81134243077c7,68,49,#ffffff
5fc17afe56d81134243077c8,69,49,#ffffff
5fc17afe56d81134243077c9,70,49,#ffffff
5fc17afe56d81134243077ca,71,49,#ffffff
5fc17afe56d81134243077cb,72,49,#ffffff
5fc17afe56d81134243077cc,73,49,#ffffff
5fc17afe56d81134243077cd,74,49,#ffffff
5fc17afe56d81134243077ce,75,49,#ffffff
5fc17afe56d81134243077cf,76,49,#ffffff
5fc17afe56d81134243077d0,77,49,#ffffff
5fc17afe56d81134243077d1,78,49,#ffffff
5fc17afe56d81134243077d2,79,49,#ffffff
5fc17afe56d81134243077d3,80,49,#ffffff
5fc17afe56d81134243077d4,81,49,#ffffff
5fc17afe56d81134243077d5,82,49,#ffffff
5fc17afe56d81134243077d6,83,49,#ffffff
5fc17afe56d81134243077d7,84,49,#ffffff
5fc17afe56d81134243077d8,85,49,#ffffff
5fc17afe56d81134243077d9,86,49,#ffffff
5fc17afe56d81134243077da,87,49,#ffffff
5fc17afe56d81134243077db,88,49,#ffffff
5fc17afe56d81134243077dc,89,49,#ffffff
5fc17afe56d81134243077dd,90,49,#ffffff
5fc17afe56d81134243077de,91,49,#ffffff
5fc17afe56d81134243077df,92,49,#ffffff
5fc17afe56d81134243077e0,93,49,#ffffff
5fc17afe56d81134243077e1,94,49,#ffffff
5fc17afe56d81134243077e2,95,49,#ffffff
5fc17afe56d81134243077e3,96,49,#ffffff
5fc17afe56d81134243077e4,97,49,#ffffff
5fc17afe56d81134243077e5,98,49,#ffffff
5fc17afe56d81134243077e6,99,49,#ffffff
5fc17afe56d81134243077e7,100,49,#ffffff
5fc17afe56d81134243077e8,0,50,#ffffff
5fc17afe56d81134243077e9,1,50,#ffffff
5fc17afe56d81134243077ea,2,50,#ffffff
5fc17afe56d81134243077eb,3,50,#ffffff
5fc17afe56d81134243077ec,4,50,#ffffff
5fc17afe56d81134243077ed,5,50,#ffffff
5fc17afe56d81134243077ee,6,50,#ffffff
5fc17afe56d81134243077ef,7,50,#ffffff
5fc17afe56d81134243077f0,8,50,#ffffff
5fc17afe56d81134243077f1,9,50,#ffffff
5fc17afe56d81134243077f2,10,50,#ffffff
5fc17afe56d81134243077f3,11,50,#ffffff
5fc17afe56d81134243077f4,12,50,#ffffff
5fc17afe56d81134243077f5,13,50,#ffffff
5fc17afe56d81134243077f6,14,50,#ffffff
5fc17afe56d81134243077f7,15,50,#ffffff
5fc17afe56d81134243077f8,16,50,#ffffff
5fc17afe56d81134243077f9,17,50,#ffffff
5fc17afe56d81134243077fa,18,50,#ffffff
5fc17afe56d81134243077fb,19,50,#ffffff
5fc17afe56d81134243077fc,20,50,#ffffff
5fc17afe56d81134243077fd,21,50,#ffffff
5fc17afe56d81134243077fe,22,50,#ffffff
5fc17afe56d81134243077ff,23,50,#ffffff
5fc17afe56d8113424307800,24,50,#ffffff
5fc17afe56d8113424307801,25,50,#ffffff
5fc17afe56d8113424307802,26,50,#ffffff
5fc17afe56d8113424307803,27,50,#ffffff
5fc17afe56d8113424307804,28,50,#ffffff
5fc17afe56d8113424307805,29,50,#ffffff
5fc17afe56d8113424307806,30,50,#ffffff
5fc17afe56d8113424307807,31,50,#ffffff
5fc17afe56d8113424307808,32,50,#ffffff
5fc17afe56d8113424307809,33,50,#ffffff
5fc17afe56d811342430780a,34,50,#ffffff
5fc17afe56d811342430780b,35,50,#ffffff
5fc17afe56d811342430780c,36,50,#ffffff
5fc17afe56d811342430780d,37,50,#ffffff
5fc17afe56d811342430780e,38,50,#ffffff
5fc17afe56d811342430780f,39,50,#ffffff
5fc17afe56d8113424307810,40,50,#ffffff
5fc17afe56d8113424307811,41,50,#ffffff
5fc17afe56d8113424307812,42,50,#ffffff
5fc17afe56d8113424307813,43,50,#ffffff
5fc17afe56d8113424307814,44,50,#ffffff
5fc17afe56d8113424307815,45,50,#ffffff
5fc17afe56d8113424307816,46,50,#ffffff
5fc17afe56d8113424307817,47,50,#ffffff
5fc17afe56d8113424307818,48,50,#ffffff
5fc17afe56d8113424307819,49,50,#ffffff
5fc17afe56d811342430781a,50,50,#ffffff
5fc17afe56d811342430781b,51,50,#ffffff
5fc17afe56d811342430781c,52,50,#ffffff
5fc17afe56d811342430781d,53,50,#ffffff
5fc17afe56d811342430781e,54,50,#ffffff
5fc17afe56d811342430781f,55,50,#ffffff
5fc17afe56d8113424307820,56,50,#ffffff
5fc17afe56d8113424307821,57,50,#ffffff
5fc17afe56d8113424307822,58,50,#ffffff
5fc17afe56d8113424307823,59,50,#ffffff
5fc17afe56d8113424307824,60,50,#ffffff
5fc17afe56d8113424307825,61,50,#ffffff
5fc17afe56d8113424307826,62,50,#ffffff
5fc17afe56d8113424307827,63,50,#ffffff
5fc17afe56d8113424307828,64,50,#ffffff
5fc17afe56d8113424307829,65,50,#ffffff
5fc17afe56d811342430782a,66,50,#ffffff
5fc17afe56d811342430782b,67,50,#ffffff
5fc17afe56d811342430782c,68,50,#ffffff
5fc17afe56d811342430782d,69,50,#ffffff
5fc17afe56d811342430782e,70,50,#ffffff
5fc17afe56d811342430782f,71,50,#ffffff
5fc17afe56d8113424307830,72,50,#ffffff
5fc17afe56d8113424307831,73,50,#ffffff
5fc17afe56d8113424307832,74,50,#ffffff
5fc17afe56d8113424307833,75,50,#ffffff
5fc17afe56d8113424307834,76,50,#ffffff
5fc17afe56d8113424307835,77,50,#ffffff
5fc17afe56d8113424307836,78,50,#ffffff
5fc17afe56d8113424307837,79,50,#ffffff
5fc17afe56d8113424307838,80,50,#ffffff
5fc17afe56d8113424307839,81,50,#ffffff
5fc17afe56d811342430783a,82,50,#ffffff
5fc17afe56d811342430783b,83,50,#ffffff
5fc17afe56d811342430783c,84,50,#ffffff
5fc17afe56d811342430783d,85,50,#ffffff
5fc17afe56d811342430783e,86,50,#ffffff
5fc17afe56d811342430783f,87,50,#ffffff
5fc17afe56d8113424307840,88,50,#ffffff
5fc17afe56d8113424307841,89,50,#ffffff
5fc17afe56d8113424307842,90,50,#ffffff
5fc17afe56d8113424307843,91,50,#ffffff
5fc17afe56d8113424307844,92,50,#ffffff
5fc17afe56d8113424307845,93,50,#ffffff
5fc17afe56d8113424307846,94,50,#ffffff
5fc17afe56d8113424307847,95,50,#ffffff
5fc17afe56d8113424307848,96,50,#ffffff
5fc17afe56d8113424307849,97,50,#ffffff
5fc17afe56d811342430784a,98,50,#ffffff
5fc17afe56d811342430784b,99,50,#ffffff
5fc17afe56d811342430784c,100,50,#ffffff
5fc17afe56d811342430784d,0,51,#ffffff
5fc17afe56d811342430784e,1,51,#ffffff
5fc17afe56d811342430784f,2,51,#ffffff
5fc17afe56d8113424307850,3,51,#ffffff
5fc17afe56d8113424307851,4,51,#ffffff
5fc17afe56d8113424307852,5,51,#ffffff
5fc17afe56d8113424307853,6,51,#ffffff
5fc17afe56d8113424307854,7,51,#ffffff
5fc17afe56d8113424307855,8,51,#ffffff
5fc17afe56d8113424307856,9,51,#ffffff
5fc17afe56d8113424307857,10,51,#ffffff
5fc17afe56d8113424307858,11,51,#ffffff
5fc17afe56d8113424307859,12,51,#ffffff
5fc17afe56d811342430785a,13,51,#ffffff
5fc17afe56d811342430785b,14,51,#ffffff
5fc17afe56d811342430785c,15,51,#ffffff
5fc17afe56d811342430785d,16,51,#ffffff
5fc17afe56d811342430785e,17,51,#ffffff
5fc17afe56d811342430785f,18,51,#ffffff
5fc17afe56d8113424307860,19,51,#ffffff
5fc17afe56d8113424307861,20,51,#ffffff
5fc17afe56d8113424307862,21,51,#ffffff
5fc17afe56d8113424307863,22,51,#ffffff
5fc17afe56d8113424307864,23,51,#ffffff
5fc17afe56d8113424307865,24,51,#ffffff
5fc17afe56d8113424307866,25,51,#ffffff
5fc17afe56d8113424307867,26,51,#ffffff
5fc17afe56d8113424307868,27,51,#ffffff
5fc17afe56d8113424307869,28,51,#ffffff
5fc17afe56d811342430786a,29,51,#ffffff
5fc17afe56d811342430786b,30,51,#ffffff
5fc17afe56d811342430786c,31,51,#ffffff
5fc17afe56d811342430786d,32,51,#ffffff
5fc17afe56d811342430786e,33,51,#ffffff
5fc17afe56d811342430786f,34,51,#ffffff
5fc17afe56d8113424307870,35,51,#ffffff
5fc17afe56d8113424307871,36,51,#ffffff
5fc17afe56d8113424307872,37,51,#ffffff
5fc17afe56d8113424307873,38,51,#ffffff
5fc17afe56d8113424307874,39,51,#ffffff
5fc17afe56d8113424307875,40,51,#ffffff
5fc17afe56d8113424307876,41,51,#ffffff
5fc17afe56d8113424307877,42,51,#ffffff
5fc17afe56d8113424307878,43,51,#ffffff
5fc17afe56d8113424307879,44,51,#ffffff
5fc17afe56d811342430787a,45,51,#ffffff
5fc17afe56d811342430787b,46,51,#ffffff
5fc17afe56d811342430787c,47,51,#ffffff
5fc17afe56d811342430787d,48,51,#ffffff
5fc17afe56d811342430787e,49,51,#ffffff
5fc17afe56d811342430787f,50,51,#ffffff
5fc17afe56d8113424307880,51,51,#ffffff
5fc17afe56d8113424307881,52,51,#ffffff
5fc17afe56d8113424307882,53,51,#ffffff
5fc17afe56d8113424307883,54,51,#ffffff
5fc17afe56d8113424307884,55,51,#ffffff
5fc17afe56d8113424307885,56,51,#ffffff
5fc17afe56d8113424307886,57,51,#ffffff
5fc17afe56d8113424307887,58,51,#ffffff
5fc17afe56d8113424307888,59,51,#ffffff
5fc17afe56d8113424307889,60,51,#ffffff
5fc17afe56d811342430788a,61,51,#ffffff
5fc17afe56d811342430788b,62,51,#ffffff
5fc17afe56d811342430788c,63,51,#ffffff
5fc17afe56d811342430788d,64,51,#ffffff
5fc17afe56d811342430788e,65,51,#ffffff
5fc17afe56d811342430788f,66,51,#ffffff
5fc17afe56d8113424307890,67,51,#ffffff
5fc17afe56d8113424307891,68,51,#ffffff
5fc17afe56d8113424307892,69,51,#ffffff
5fc17afe56d8113424307893,70,51,#ffffff
5fc17afe56d8113424307894,71,51,#ffffff
5fc17afe56d8113424307895,72,51,#ffffff
5fc17afe56d8113424307896,73,51,#ffffff
5fc17afe56d8113424307897,74,51,#ffffff
5fc17afe56d8113424307898,75,51,#ffffff
5fc17afe56d8113424307899,76,51,#ffffff
5fc17afe56d811342430789a,77,51,#ffffff
5fc17afe56d811342430789b,78,51,#ffffff
5fc17afe56d811342430789c,79,51,#ffffff
5fc17afe56d811342430789d,80,51,#ffffff
5fc17afe56d811342430789e,81,51,#ffffff
5fc17afe56d811342430789f,82,51,#ffffff
5fc17afe56d81134243078a0,83,51,#ffffff
5fc17afe56d81134243078a1,84,51,#ffffff
5fc17afe56d81134243078a2,85,51,#ffffff
5fc17afe56d81134243078a3,86,51,#ffffff
5fc17afe56d81134243078a4,87,51,#ffffff
5fc17afe56d81134243078a5,88,51,#ffffff
5fc17afe56d81134243078a6,89,51,#ffffff
5fc17afe56d81134243078a7,90,51,#ffffff
5fc17afe56d81134243078a8,91,51,#ffffff
5fc17afe56d81134243078a9,92,51,#ffffff
5fc17afe56d81134243078aa,93,51,#ffffff
5fc17afe56d81134243078ab,94,51,#ffffff
5fc17afe56d81134243078ac,95,51,#ffffff
5fc17afe56d81134243078ad,96,51,#ffffff
5fc17afe56d81134243078ae,97,51,#ffffff
5fc17afe56d81134243078af,98,51,#ffffff
5fc17afe56d81134243078b0,99,51,#ffffff
5fc17afe56d81134243078b1,100,51,#ffffff
5fc17afe56d81134243078b2,0,52,#ffffff
5fc17afe56d81134243078b3,1,52,#ffffff
5fc17afe56d81134243078b4,2,52,#ffffff
5fc17afe56d81134243078b5,3,52,#ffffff
5fc17afe56d81134243078b6,4,52,#ffffff
5fc17afe56d81134243078b7,5,52,#ffffff
5fc17afe56d81134243078b8,6,52,#ffffff
5fc17afe56d81134243078b9,7,52,#ffffff
5fc17afe56d81134243078ba,8,52,#ffffff
5fc17afe56d81134243078bb,9,52,#ffffff
5fc17afe56d81134243078bc,10,52,#ffffff
5fc17afe56d81134243078bd,11,52,#ffffff
5fc17afe56d81134243078be,12,52,#ffffff
5fc17afe56d81134243078bf,13,52,#ffffff
5fc17afe56d81134243078c0,14,52,#ffffff
5fc17afe56d81134243078c1,15,52,#ffffff
5fc17afe56d81134243078c2,16,52,#ffffff
5fc17afe56d81134243078c3,17,52,#ffffff
5fc17afe56d81134243078c4,18,52,#ffffff
5fc17afe56d81134243078c5,19,52,#ffffff
5fc17afe56d81134243078c6,20,52,#ffffff
5fc17afe56d81134243078c7,21,52,#ffffff
5fc17afe56d81134243078c8,22,52,#ffffff
5fc17afe56d81134243078c9,23,52,#ffffff
5fc17afe56d81134243078ca,24,52,#ffffff
5fc17afe56d81134243078cb,25,52,#ffffff
5fc17afe56d81134243078cc,26,52,#ffffff
5fc17afe56d81134243078cd,27,52,#ffffff
5fc17afe56d81134243078ce,28,52,#ffffff
5fc17afe56d81134243078cf,29,52,#ffffff
5fc17afe56d81134243078d0,30,52,#ffffff
5fc17afe56d81134243078d1,31,52,#ffffff
5fc17afe56d81134243078d2,32,52,#ffffff
5fc17afe56d81134243078d3,33,52,#ffffff
5fc17afe56d81134243078d4,34,52,#ffffff
5fc17afe56d81134243078d5,35,52,#ffffff
5fc17afe56d81134243078d6,36,52,#ffffff
5fc17afe56d81134243078d7,37,52,#ffffff
5fc17afe56d81134243078d8,38,52,#ffffff
5fc17afe56d81134243078d9,39,52,#ffffff
5fc17afe56d81134243078da,40,52,#ffffff
5fc17afe56d81134243078db,41,52,#ffffff
5fc17afe56d81134243078dc,42,52,#ffffff
5fc17afe56d81134243078dd,43,52,#ffffff
5fc17afe56d81134243078de,44,52,#ffffff
5fc17afe56d81134243078df,45,52,#ffffff
5fc17afe56d81134243078e0,46,52,#ffffff
5fc17afe56d81134243078e1,47,52,#ffffff
5fc17afe56d81134243078e2,48,52,#ffffff
5fc17afe56d81134243078e3,49,52,#ffffff
5fc17afe56d81134243078e4,50,52,#ffffff
5fc17afe56d81134243078e5,51,52,#ffffff
5fc17afe56d81134243078e6,52,52,#ffffff
5fc17afe56d81134243078e7,53,52,#ffffff
5fc17afe56d81134243078e8,54,52,#ffffff
5fc17afe56d81134243078e9,55,52,#ffffff
5fc17afe56d81134243078ea,56,52,#ffffff
5fc17afe56d81134243078eb,57,52,#ffffff
5fc17afe56d81134243078ec,58,52,#ffffff
5fc17afe56d81134243078ed,59,52,#ffffff
5fc17afe56d81134243078ee,60,52,#ffffff
5fc17afe56d81134243078ef,61,52,#ffffff
5fc17afe56d81134243078f0,62,52,#ffffff
5fc17afe56d81134243078f1,63,52,#ffffff
5fc17afe56d81134243078f2,64,52,#ffffff
5fc17afe56d81134243078f3,65,52,#ffffff
5fc17afe56d81134243078f4,66,52,#ffffff
5fc17afe56d81134243078f5,67,52,#ffffff
5fc17afe56d81134243078f6,68,52,#ffffff
5fc17afe56d81134243078f7,69,52,#ffffff
5fc17afe56d81134243078f8,70,52,#ffffff
5fc17afe56d81134243078f9,71,52,#ffffff
5fc17afe56d81134243078fa,72,52,#ffffff
5fc17afe56d81134243078fb,73,52,#ffffff
5fc17afe56d81134243078fc,74,52,#ffffff
5fc17afe56d81134243078fd,75,52,#ffffff
5fc17afe56d81134243078fe,76,52,#ffffff
5fc17afe56d81134243078ff,77,52,#ffffff
5fc17afe56d8113424307900,78,52,#ffffff
5fc17afe56d8113424307901,79,52,#ffffff
5fc17afe56d8113424307902,80,52,#ffffff
5fc17afe56d8113424307903,81,52,#ffffff
5fc17afe56d8113424307904,82,52,#ffffff
5fc17afe56d8113424307905,83,52,#ffffff
5fc17afe56d8113424307906,84,52,#ffffff
5fc17afe56d8113424307907,85,52,#ffffff
5fc17afe56d8113424307908,86,52,#ffffff
5fc17afe56d8113424307909,87,52,#ffffff
5fc17afe56d811342430790a,88,52,#ffffff
5fc17afe56d811342430790b,89,52,#ffffff
5fc17afe56d811342430790c,90,52,#ffffff
5fc17afe56d811342430790d,91,52,#ffffff
5fc17afe56d811342430790e,92,52,#ffffff
5fc17afe56d811342430790f,93,52,#ffffff
5fc17afe56d8113424307910,94,52,#ffffff
5fc17afe56d8113424307911,95,52,#ffffff
5fc17afe56d8113424307912,96,52,#ffffff
5fc17afe56d8113424307913,97,52,#ffffff
5fc17afe56d8113424307914,98,52,#ffffff
5fc17afe56d8113424307915,99,52,#ffffff
5fc17afe56d8113424307916,100,52,#ffffff
5fc17afe56d8113424307917,0,53,#ffffff
5fc17afe56d8113424307918,1,53,#ffffff
5fc17afe56d8113424307919,2,53,#ffffff
5fc17afe56d811342430791a,3,53,#ffffff
5fc17afe56d811342430791b,4,53,#ffffff
5fc17afe56d811342430791c,5,53,#ffffff
5fc17afe56d811342430791d,6,53,#ffffff
5fc17afe56d811342430791e,7,53,#ffffff
5fc17afe56d811342430791f,8,53,#ffffff
5fc17afe56d8113424307920,9,53,#ffffff
5fc17afe56d8113424307921,10,53,#ffffff
5fc17afe56d8113424307922,11,53,#ffffff
5fc17afe56d8113424307923,12,53,#ffffff
5fc17afe56d8113424307924,13,53,#ffffff
5fc17afe56d8113424307925,14,53,#ffffff
5fc17afe56d8113424307926,15,53,#ffffff
5fc17afe56d8113424307927,16,53,#ffffff
5fc17afe56d8113424307928,17,53,#ffffff
5fc17afe56d8113424307929,18,53,#ffffff
5fc17afe56d811342430792a,19,53,#ffffff
5fc17afe56d811342430792b,20,53,#ffffff
5fc17afe56d811342430792c,21,53,#ffffff
5fc17afe56d811342430792d,22,53,#ffffff
5fc17afe56d811342430792e,23,53,#ffffff
5fc17afe56d811342430792f,24,53,#ffffff
5fc17afe56d8113424307930,25,53,#ffffff
5fc17afe56d8113424307931,26,53,#ffffff
5fc17afe56d8113424307932,27,53,#ffffff
5fc17afe56d8113424307933,28,53,#ffffff
5fc17afe56d8113424307934,29,53,#ffffff
5fc17afe56d8113424307935,30,53,#ffffff
5fc17afe56d8113424307936,31,53,#ffffff
5fc17afe56d8113424307937,32,53,#ffffff
5fc17afe56d8113424307938,33,53,#ffffff
5fc17afe56d8113424307939,34,53,#ffffff
5fc17afe56d811342430793a,35,53,#ffffff
5fc17afe56d811342430793b,36,53,#ffffff
5fc17afe56d811342430793c,37,53,#ffffff
5fc17afe56d811342430793d,38,53,#ffffff
5fc17afe56d811342430793e,39,53,#ffffff
5fc17afe56d811342430793f,40,53,#ffffff
5fc17afe56d8113424307940,41,53,#ffffff
5fc17afe56d8113424307941,42,53,#ffffff
5fc17afe56d8113424307942,43,53,#ffffff
5fc17afe56d8113424307943,44,53,#ffffff
5fc17afe56d8113424307944,45,53,#ffffff
5fc17afe56d8113424307945,46,53,#ffffff
5fc17afe56d8113424307946,47,53,#ffffff
5fc17afe56d8113424307947,48,53,#ffffff
5fc17afe56d8113424307948,49,53,#ffffff
5fc17afe56d8113424307949,50,53,#ffffff
5fc17afe56d811342430794a,51,53,#ffffff
5fc17afe56d811342430794b,52,53,#ffffff
5fc17afe56d811342430794c,53,53,#ffffff
5fc17afe56d811342430794d,54,53,#ffffff
5fc17afe56d811342430794e,55,53,#ffffff
5fc17afe56d811342430794f,56,53,#ffffff
5fc17afe56d8113424307950,57,53,#ffffff
5fc17afe56d8113424307951,58,53,#ffffff
5fc17afe56d8113424307952,59,53,#ffffff
5fc17afe56d8113424307953,60,53,#ffffff
5fc17afe56d8113424307954,61,53,#ffffff
5fc17afe56d8113424307955,62,53,#ffffff
5fc17afe56d8113424307956,63,53,#ffffff
5fc17afe56d8113424307957,64,53,#ffffff
5fc17afe56d8113424307958,65,53,#ffffff
5fc17afe56d8113424307959,66,53,#ffffff
5fc17afe56d811342430795a,67,53,#ffffff
5fc17afe56d811342430795b,68,53,#ffffff
5fc17afe56d811342430795c,69,53,#ffffff
5fc17afe56d811342430795d,70,53,#ffffff
5fc17afe56d811342430795e,71,53,#ffffff
5fc17afe56d811342430795f,72,53,#ffffff
5fc17afe56d8113424307960,73,53,#ffffff
5fc17afe56d8113424307961,74,53,#ffffff
5fc17afe56d8113424307962,75,53,#ffffff
5fc17afe56d8113424307963,76,53,#ffffff
5fc17afe56d8113424307964,77,53,#ffffff
5fc17afe56d8113424307965,78,53,#ffffff
5fc17afe56d8113424307966,79,53,#ffffff
5fc17afe56d8113424307967,80,53,#ffffff
5fc17afe56d8113424307968,81,53,#ffffff
5fc17afe56d8113424307969,82,53,#ffffff
5fc17afe56d811342430796a,83,53,#ffffff
5fc17afe56d811342430796b,84,53,#ffffff
5fc17afe56d811342430796c,85,53,#ffffff
5fc17afe56d811342430796d,86,53,#ffffff
5fc17afe56d811342430796e,87,53,#ffffff
5fc17afe56d811342430796f,88,53,#ffffff
5fc17afe56d8113424307970,89,53,#ffffff
5fc17afe56d8113424307971,90,53,#ffffff
5fc17afe56d8113424307972,91,53,#ffffff
5fc17afe56d8113424307973,92,53,#ffffff
5fc17afe56d8113424307974,93,53,#ffffff
5fc17afe56d8113424307975,94,53,#ffffff
5fc17afe56d8113424307976,95,53,#ffffff
5fc17afe56d8113424307977,96,53,#ffffff
5fc17afe56d8113424307978,97,53,#ffffff
5fc17afe56d8113424307979,98,53,#ffffff
5fc17afe56d811342430797a,99,53,#ffffff
5fc17afe56d811342430797b,100,53,#ffffff
5fc17afe56d811342430797c,0,54,#ffffff
5fc17afe56d811342430797d,1,54,#ffffff
5fc17afe56d811342430797e,2,54,#ffffff
5fc17afe56d811342430797f,3,54,#ffffff
5fc17afe56d8113424307980,4,54,#ffffff
5fc17afe56d8113424307981,5,54,#ffffff
5fc17afe56d8113424307982,6,54,#ffffff
5fc17afe56d8113424307983,7,54,#ffffff
5fc17afe56d8113424307984,8,54,#ffffff
5fc17afe56d8113424307985,9,54,#ffffff
5fc17afe56d8113424307986,10,54,#ffffff
5fc17afe56d8113424307987,11,54,#ffffff
5fc17afe56d8113424307988,12,54,#ffffff
5fc17afe56d8113424307989,13,54,#ffffff
5fc17afe56d811342430798a,14,54,#ffffff
5fc17afe56d811342430798b,15,54,#ffffff
5fc17afe56d811342430798c,16,54,#ffffff
5fc17afe56d811342430798d,17,54,#ffffff
5fc17afe56d811342430798e,18,54,#ffffff
5fc17afe56d811342430798f,19,54,#ffffff
5fc17afe56d8113424307990,20,54,#ffffff
5fc17afe56d8113424307991,21,54,#ffffff
5fc17afe56d8113424307992,22,54,#ffffff
5fc17afe56d8113424307993,23,54,#ffffff
5fc17afe56d8113424307994,24,54,#ffffff
5fc17afe56d8113424307995,25,54,#ffffff
5fc17afe56d8113424307996,26,54,#ffffff
5fc17afe56d8113424307997,27,54,#ffffff
5fc17afe56d8113424307998,28,54,#ffffff
5fc17afe56d8113424307999,29,54,#ffffff
5fc17afe56d811342430799a,30,54,#ffffff
5fc17afe56d811342430799b,31,54,#ffffff
5fc17afe56d811342430799c,32,54,#ffffff
5fc17afe56d811342430799d,33,54,#ffffff
5fc17afe56d811342430799e,34,54,#ffffff
5fc17afe56d811342430799f,35,54,#ffffff
5fc17afe56d81134243079a0,36,54,#ffffff
5fc17afe56d81134243079a1,37,54,#ffffff
5fc17afe56d81134243079a2,38,54,#ffffff
5fc17afe56d81134243079a3,39,54,#ffffff
5fc17afe56d81134243079a4,40,54,#ffffff
5fc17afe56d81134243079a5,41,54,#ffffff
5fc17afe56d81134243079a6,42,54,#ffffff
5fc17afe56d81134243079a7,43,54,#ffffff
5fc17afe56d81134243079a8,44,54,#ffffff
5fc17afe56d81134243079a9,45,54,#ffffff
5fc17afe56d81134243079aa,46,54,#ffffff
5fc17afe56d81134243079ab,47,54,#ffffff
5fc17afe56d81134243079ac,48,54,#ffffff
5fc17afe56d81134243079ad,49,54,#ffffff
5fc17afe56d81134243079ae,50,54,#ffffff
5fc17afe56d81134243079af,51,54,#ffffff
5fc17afe56d81134243079b0,52,54,#ffffff
5fc17afe56d81134243079b1,53,54,#ffffff
5fc17afe56d81134243079b2,54,54,#ffffff
5fc17afe56d81134243079b3,55,54,#ffffff
5fc17afe56d81134243079b4,56,54,#ffffff
5fc17afe56d81134243079b5,57,54,#ffffff
5fc17afe56d81134243079b6,58,54,#ffffff
5fc17afe56d81134243079b7,59,54,#ffffff
5fc17afe56d81134243079b8,60,54,#ffffff
5fc17afe56d81134243079b9,61,54,#ffffff
5fc17afe56d81134243079ba,62,54,#ffffff
5fc17afe56d81134243079bb,63,54,#ffffff
5fc17afe56d81134243079bc,64,54,#ffffff
5fc17afe56d81134243079bd,65,54,#ffffff
5fc17afe56d81134243079be,66,54,#ffffff
5fc17afe56d81134243079bf,67,54,#ffffff
5fc17afe56d81134243079c0,68,54,#ffffff
5fc17afe56d81134243079c1,69,54,#ffffff
5fc17afe56d81134243079c2,70,54,#ffffff
5fc17afe56d81134243079c3,71,54,#ffffff
5fc17afe56d81134243079c4,72,54,#ffffff
5fc17afe56d81134243079c5,73,54,#ffffff
5fc17afe56d81134243079c6,74,54,#ffffff
5fc17afe56d81134243079c7,75,54,#ffffff
5fc17afe56d81134243079c8,76,54,#ffffff
5fc17afe56d81134243079c9,77,54,#ffffff
5fc17afe56d81134243079ca,78,54,#ffffff
5fc17afe56d81134243079cb,79,54,#ffffff
5fc17afe56d81134243079cc,80,54,#ffffff
5fc17afe56d81134243079cd,81,54,#ffffff
5fc17afe56d81134243079ce,82,54,#ffffff
5fc17afe56d81134243079cf,83,54,#ffffff
5fc17afe56d81134243079d0,84,54,#ffffff
5fc17afe56d81134243079d1,85,54,#ffffff
5fc17afe56d81134243079d2,86,54,#ffffff
5fc17afe56d81134243079d3,87,54,#ffffff
5fc17afe56d81134243079d4,88,54,#ffffff
5fc17afe56d81134243079d5,89,54,#ffffff
5fc17afe56d81134243079d6,90,54,#ffffff
5fc17afe56d81134243079d7,91,54,#ffffff
5fc17afe56d81134243079d8,92,54,#ffffff
5fc17afe56d81134243079d9,93,54,#ffffff
5fc17afe56d81134243079da,94,54,#ffffff
5fc17afe56d81134243079db,95,54,#ffffff
5fc17afe56d81134243079dc,96,54,#ffffff
5fc17afe56d81134243079dd,97,54,#ffffff
5fc17afe56d81134243079de,98,54,#ffffff
5fc17afe56d81134243079df,99,54,#ffffff
5fc17afe56d81134243079e0,100,54,#ffffff
5fc17afe56d81134243079e1,0,55,#ffffff
5fc17afe56d81134243079e2,1,55,#ffffff
5fc17afe56d81134243079e3,2,55,#ffffff
5fc17afe56d81134243079e4,3,55,#ffffff
5fc17afe56d81134243079e5,4,55,#ffffff
5fc17afe56d81134243079e6,5,55,#ffffff
5fc17afe56d81134243079e7,6,55,#ffffff
5fc17afe56d81134243079e8,7,55,#ffffff
5fc17afe56d81134243079e9,8,55,#ffffff
5fc17afe56d81134243079ea,9,55,#ffffff
5fc17afe56d81134243079eb,10,55,#ffffff
5fc17afe56d81134243079ec,11,55,#ffffff
5fc17afe56d81134243079ed,12,55,#ffffff
5fc17afe56d81134243079ee,13,55,#ffffff
5fc17afe56d81134243079ef,14,55,#ffffff
5fc17afe56d81134243079f0,15,55,#ffffff
5fc17afe56d81134243079f1,16,55,#ffffff
5fc17afe56d81134243079f2,17,55,#ffffff
5fc17afe56d81134243079f3,18,55,#ffffff
5fc17afe56d81134243079f4,19,55,#ffffff
5fc17afe56d81134243079f5,20,55,#ffffff
5fc17afe56d81134243079f6,21,55,#ffffff
5fc17afe56d81134243079f7,22,55,#ffffff
5fc17afe56d81134243079f8,23,55,#ffffff
5fc17afe56d81134243079f9,24,55,#ffffff
5fc17afe56d81134243079fa,25,55,#ffffff
5fc17afe56d81134243079fb,26,55,#ffffff
5fc17afe56d81134243079fc,27,55,#ffffff
5fc17afe56d81134243079fd,28,55,#ffffff
5fc17afe56d81134243079fe,29,55,#ffffff
5fc17afe56d81134243079ff,30,55,#ffffff
5fc17afe56d8113424307a00,31,55,#ffffff
5fc17afe56d8113424307a01,32,55,#ffffff
5fc17afe56d8113424307a02,33,55,#ffffff
5fc17afe56d8113424307a03,34,55,#ffffff
5fc17afe56d8113424307a04,35,55,#ffffff
5fc17afe56d8113424307a05,36,55,#ffffff
5fc17afe56d8113424307a06,37,55,#ffffff
5fc17afe56d8113424307a07,38,55,#ffffff
5fc17afe56d8113424307a08,39,55,#ffffff
5fc17afe56d8113424307a09,40,55,#ffffff
5fc17afe56d8113424307a0a,41,55,#ffffff
5fc17afe56d8113424307a0b,42,55,#ffffff
5fc17afe56d8113424307a0c,43,55,#ffffff
5fc17afe56d8113424307a0d,44,55,#ffffff
5fc17afe56d8113424307a0e,45,55,#ffffff
5fc17afe56d8113424307a0f,46,55,#ffffff
5fc17afe56d8113424307a10,47,55,#ffffff
5fc17afe56d8113424307a11,48,55,#ffffff
5fc17afe56d8113424307a12,49,55,#ffffff
5fc17afe56d8113424307a13,50,55,#ffffff
5fc17afe56d8113424307a14,51,55,#ffffff
5fc17afe56d8113424307a15,52,55,#ffffff
5fc17afe56d8113424307a16,53,55,#ffffff
5fc17afe56d8113424307a17,54,55,#ffffff
5fc17afe56d8113424307a18,55,55,#ffffff
5fc17afe56d8113424307a19,56,55,#ffffff
5fc17afe56d8113424307a1a,57,55,#ffffff
5fc17afe56d8113424307a1b,58,55,#ffffff
5fc17afe56d8113424307a1c,59,55,#ffffff
5fc17afe56d8113424307a1d,60,55,#ffffff
5fc17afe56d8113424307a1e,61,55,#ffffff
5fc17afe56d8113424307a1f,62,55,#ffffff
5fc17afe56d8113424307a20,63,55,#ffffff
5fc17afe56d8113424307a21,64,55,#ffffff
5fc17afe56d8113424307a22,65,55,#ffffff
5fc17afe56d8113424307a23,66,55,#ffffff
5fc17afe56d8113424307a24,67,55,#ffffff
5fc17afe56d8113424307a25,68,55,#ffffff
5fc17afe56d8113424307a26,69,55,#ffffff
5fc17afe56d8113424307a27,70,55,#ffffff
5fc17afe56d8113424307a28,71,55,#ffffff
5fc17afe56d8113424307a29,72,55,#ffffff
5fc17afe56d8113424307a2a,73,55,#ffffff
5fc17afe56d8113424307a2b,74,55,#ffffff
5fc17afe56d8113424307a2c,75,55,#ffffff
5fc17afe56d8113424307a2d,76,55,#ffffff
5fc17afe56d8113424307a2e,77,55,#ffffff
5fc17afe56d8113424307a2f,78,55,#ffffff
5fc17afe56d8113424307a30,79,55,#ffffff
5fc17afe56d8113424307a31,80,55,#ffffff
5fc17afe56d8113424307a32,81,55,#ffffff
5fc17afe56d8113424307a33,82,55,#ffffff
5fc17afe56d8113424307a34,83,55,#ffffff
5fc17afe56d8113424307a35,84,55,#ffffff
5fc17afe56d8113424307a36,85,55,#ffffff
5fc17afe56d8113424307a37,86,55,#ffffff
5fc17afe56d8113424307a38,87,55,#ffffff
5fc17afe56d8113424307a39,88,55,#ffffff
5fc17afe56d8113424307a3a,89,55,#ffffff
5fc17afe56d8113424307a3b,90,55,#ffffff
5fc17afe56d8113424307a3c,91,55,#ffffff
5fc17afe56d8113424307a3d,92,55,#ffffff
5fc17afe56d8113424307a3e,93,55,#ffffff
5fc17afe56d8113424307a3f,94,55,#ffffff
5fc17afe56d8113424307a40,95,55,#ffffff
5fc17afe56d8113424307a41,96,55,#ffffff
5fc17afe56d8113424307a42,97,55,#ffffff
5fc17afe56d8113424307a43,98,55,#ffffff
5fc17afe56d8113424307a44,99,55,#ffffff
5fc17afe56d8113424307a45,100,55,#ffffff
5fc17afe56d8113424307a46,0,56,#ffffff
5fc17afe56d8113424307a47,1,56,#ffffff
5fc17afe56d8113424307a48,2,56,#ffffff
5fc17afe56d8113424307a49,3,56,#ffffff
5fc17afe56d8113424307a4a,4,56,#ffffff
5fc17afe56d8113424307a4b,5,56,#ffffff
5fc17afe56d8113424307a4c,6,56,#ffffff
5fc17afe56d8113424307a4d,7,56,#ffffff
5fc17afe56d8113424307a4e,8,56,#ffffff
5fc17afe56d8113424307a4f,9,56,#ffffff
5fc17afe56d8113424307a50,10,56,#ffffff
5fc17afe56d8113424307a51,11,56,#ffffff
5fc17afe56d8113424307a52,12,56,#ffffff
5fc17afe56d8113424307a53,13,56,#ffffff
5fc17afe56d8113424307a54,14,56,#ffffff
5fc17afe56d8113424307a55,15,56,#ffffff
5fc17afe56d8113424307a56,16,56,#ffffff
5fc17afe56d8113424307a57,17,56,#ffffff
5fc17afe56d8113424307a58,18,56,#ffffff
5fc17afe56d8113424307a59,19,56,#ffffff
5fc17afe56d8113424307a5a,20,56,#ffffff
5fc17afe56d8113424307a5b,21,56,#ffffff
5fc17afe56d8113424307a5c,22,56,#ffffff
5fc17afe56d8113424307a5d,23,56,#ffffff
5fc17afe56d8113424307a5e,24,56,#ffffff
5fc17afe56d8113424307a5f,25,56,#ffffff
5fc17afe56d8113424307a60,26,56,#ffffff
5fc17afe56d8113424307a61,27,56,#ffffff
5fc17afe56d8113424307a62,28,56,#ffffff
5fc17afe56d8113424307a63,29,56,#ffffff
5fc17afe56d8113424307a64,30,56,#ffffff
5fc17afe56d8113424307a65,31,56,#ffffff
5fc17afe56d8113424307a66,32,56,#ffffff
5fc17afe56d8113424307a67,33,56,#ffffff
5fc17afe56d8113424307a68,34,56,#ffffff
5fc17afe56d8113424307a69,35,56,#ffffff
5fc17afe56d8113424307a6a,36,56,#ffffff
5fc17afe56d8113424307a6b,37,56,#ffffff
5fc17afe56d8113424307a6c,38,56,#ffffff
5fc17afe56d8113424307a6d,39,56,#ffffff
5fc17afe56d8113424307a6e,40,56,#ffffff
5fc17afe56d8113424307a6f,41,56,#ffffff
5fc17afe56d8113424307a70,42,56,#ffffff
5fc17afe56d8113424307a71,43,56,#ffffff
5fc17afe56d8113424307a72,44,56,#ffffff
5fc17afe56d8113424307a73,45,56,#ffffff
5fc17afe56d8113424307a74,46,56,#ffffff
5fc17afe56d8113424307a75,47,56,#ffffff
5fc17afe56d8113424307a76,48,56,#ffffff
5fc17afe56d8113424307a77,49,56,#ffffff
5fc17afe56d8113424307a78,50,56,#ffffff
5fc17afe56d8113424307a79,51,56,#ffffff
5fc17afe56d8113424307a7a,52,56,#ffffff
5fc17afe56d8113424307a7b,53,56,#ffffff
5fc17afe56d8113424307a7c,54,56,#ffffff
5fc17afe56d8113424307a7d,55,56,#ffffff
5fc17afe56d8113424307a7e,56,56,#ffffff
5fc17afe56d8113424307a7f,57,56,#ffffff
5fc17afe56d8113424307a80,58,56,#ffffff
5fc17afe56d8113424307a81,59,56,#ffffff
5fc17afe56d8113424307a82,60,56,#ffffff
5fc17afe56d8113424307a83,61,56,#ffffff
5fc17afe56d8113424307a84,62,56,#ffffff
5fc17afe56d8113424307a85,63,56,#ffffff
5fc17afe56d8113424307a86,64,56,#ffffff
5fc17afe56d8113424307a87,65,56,#ffffff
5fc17afe56d8113424307a88,66,56,#ffffff
5fc17afe56d8113424307a89,67,56,#ffffff
5fc17afe56d8113424307a8a,68,56,#ffffff
5fc17afe56d8113424307a8b,69,56,#ffffff
5fc17afe56d8113424307a8c,70,56,#ffffff
5fc17afe56d8113424307a8d,71,56,#ffffff
5fc17afe56d8113424307a8e,72,56,#ffffff
5fc17afe56d8113424307a8f,73,56,#ffffff
5fc17afe56d8113424307a90,74,56,#ffffff
5fc17afe56d8113424307a91,75,56,#ffffff
5fc17afe56d8113424307a92,76,56,#ffffff
5fc17afe56d8113424307a93,77,56,#ffffff
5fc17afe56d8113424307a94,78,56,#ffffff
5fc17afe56d8113424307a95,79,56,#ffffff
5fc17afe56d8113424307a96,80,56,#ffffff
5fc17afe56d8113424307a97,81,56,#ffffff
5fc17afe56d8113424307a98,82,56,#ffffff
5fc17afe56d8113424307a99,83,56,#ffffff
5fc17afe56d8113424307a9a,84,56,#ffffff
5fc17afe56d8113424307a9b,85,56,#ffffff
5fc17afe56d8113424307a9c,86,56,#ffffff
5fc17afe56d8113424307a9d,87,56,#ffffff
5fc17afe56d8113424307a9e,88,56,#ffffff
5fc17afe56d8113424307a9f,89,56,#ffffff
5fc17afe56d8113424307aa0,90,56,#ffffff
5fc17afe56d8113424307aa1,91,56,#ffffff
5fc17afe56d8113424307aa2,92,56,#ffffff
5fc17afe56d8113424307aa3,93,56,#ffffff
5fc17afe56d8113424307aa4,94,56,#ffffff
5fc17afe56d8113424307aa5,95,56,#ffffff
5fc17afe56d8113424307aa6,96,56,#ffffff
5fc17afe56d8113424307aa7,97,56,#ffffff
5fc17afe56d8113424307aa8,98,56,#ffffff
5fc17afe56d8113424307aa9,99,56,#ffffff
5fc17afe56d8113424307aaa,100,56,#ffffff
5fc17afe56d8113424307aab,0,57,#ffffff
5fc17afe56d8113424307aac,1,57,#ffffff
5fc17afe56d8113424307aad,2,57,#ffffff
5fc17afe56d8113424307aae,3,57,#ffffff
5fc17afe56d8113424307aaf,4,57,#ffffff
5fc17afe56d8113424307ab0,5,57,#ffffff
5fc17afe56d8113424307ab1,6,57,#ffffff
5fc17afe56d8113424307ab2,7,57,#ffffff
5fc17afe56d8113424307ab3,8,57,#ffffff
5fc17afe56d8113424307ab4,9,57,#ffffff
5fc17afe56d8113424307ab5,10,57,#ffffff
5fc17afe56d8113424307ab6,11,57,#ffffff
5fc17afe56d8113424307ab7,12,57,#ffffff
5fc17afe56d8113424307ab8,13,57,#ffffff
5fc17afe56d8113424307ab9,14,57,#ffffff
5fc17afe56d8113424307aba,15,57,#ffffff
5fc17afe56d8113424307abb,16,57,#ffffff
5fc17afe56d8113424307abc,17,57,#ffffff
5fc17afe56d8113424307abd,18,57,#ffffff
5fc17afe56d8113424307abe,19,57,#ffffff
5fc17afe56d8113424307abf,20,57,#ffffff
5fc17afe56d8113424307ac0,21,57,#ffffff
5fc17afe56d8113424307ac1,22,57,#ffffff
5fc17afe56d8113424307ac2,23,57,#ffffff
5fc17afe56d8113424307ac3,24,57,#ffffff
5fc17afe56d8113424307ac4,25,57,#ffffff
5fc17afe56d8113424307ac5,26,57,#ffffff
5fc17afe56d8113424307ac6,27,57,#ffffff
5fc17afe56d8113424307ac7,28,57,#ffffff
5fc17afe56d8113424307ac8,29,57,#ffffff
5fc17afe56d8113424307ac9,30,57,#ffffff
5fc17afe56d8113424307aca,31,57,#ffffff
5fc17afe56d8113424307acb,32,57,#ffffff
5fc17afe56d8113424307acc,33,57,#ffffff
5fc17afe56d8113424307acd,34,57,#ffffff
5fc17afe56d8113424307ace,35,57,#ffffff
5fc17afe56d8113424307acf,36,57,#ffffff
5fc17afe56d8113424307ad0,37,57,#ffffff
5fc17afe56d8113424307ad1,38,57,#ffffff
5fc17afe56d8113424307ad2,39,57,#ffffff
5fc17afe56d8113424307ad3,40,57,#ffffff
5fc17afe56d8113424307ad4,41,57,#ffffff
5fc17afe56d8113424307ad5,42,57,#ffffff
5fc17afe56d8113424307ad6,43,57,#ffffff
5fc17afe56d8113424307ad7,44,57,#ffffff
5fc17afe56d8113424307ad8,45,57,#ffffff
5fc17afe56d8113424307ad9,46,57,#ffffff
5fc17afe56d8113424307ada,47,57,#ffffff
5fc17afe56d8113424307adb,48,57,#ffffff
5fc17afe56d8113424307adc,49,57,#ffffff
5fc17afe56d8113424307add,50,57,#ffffff
5fc17afe56d8113424307ade,51,57,#ffffff
5fc17afe56d8113424307adf,52,57,#ffffff
5fc17afe56d8113424307ae0,53,57,#ffffff
5fc17afe56d8113424307ae1,54,57,#ffffff
5fc17afe56d8113424307ae2,55,57,#ffffff
5fc17afe56d8113424307ae3,56,57,#ffffff
5fc17afe56d8113424307ae4,57,57,#ffffff
5fc17afe56d8113424307ae5,58,57,#ffffff
5fc17afe56d8113424307ae6,59,57,#ffffff
5fc17afe56d8113424307ae7,60,57,#ffffff
5fc17afe56d8113424307ae8,61,57,#ffffff
5fc17afe56d8113424307ae9,62,57,#ffffff
5fc17afe56d8113424307aea,63,57,#ffffff
5fc17afe56d8113424307aeb,64,57,#ffffff
5fc17afe56d8113424307aec,65,57,#ffffff
5fc17afe56d8113424307aed,66,57,#ffffff
5fc17afe56d8113424307aee,67,57,#ffffff
5fc17afe56d8113424307aef,68,57,#ffffff
5fc17afe56d8113424307af0,69,57,#ffffff
5fc17afe56d8113424307af1,70,57,#ffffff
5fc17afe56d8113424307af2,71,57,#ffffff
5fc17afe56d8113424307af3,72,57,#ffffff
5fc17afe56d8113424307af4,73,57,#ffffff
5fc17afe56d8113424307af5,74,57,#ffffff
5fc17afe56d8113424307af6,75,57,#ffffff
5fc17afe56d8113424307af7,76,57,#ffffff
5fc17afe56d8113424307af8,77,57,#ffffff
5fc17afe56d8113424307af9,78,57,#ffffff
5fc17afe56d8113424307afa,79,57,#ffffff
5fc17afe56d8113424307afb,80,57,#ffffff
5fc17afe56d8113424307afc,81,57,#ffffff
5fc17afe56d8113424307afd,82,57,#ffffff
5fc17afe56d8113424307afe,83,57,#ffffff
5fc17afe56d8113424307aff,84,57,#ffffff
5fc17afe56d8113424307b00,85,57,#ffffff
5fc17afe56d8113424307b01,86,57,#ffffff
5fc17afe56d8113424307b02,87,57,#ffffff
5fc17afe56d8113424307b03,88,57,#ffffff
5fc17afe56d8113424307b04,89,57,#ffffff
5fc17afe56d8113424307b05,90,57,#ffffff
5fc17afe56d8113424307b06,91,57,#ffffff
5fc17afe56d8113424307b07,92,57,#ffffff
5fc17afe56d8113424307b08,93,57,#ffffff
5fc17afe56d8113424307b09,94,57,#ffffff
5fc17afe56d8113424307b0a,95,57,#ffffff
5fc17afe56d8113424307b0b,96,57,#ffffff
5fc17afe56d8113424307b0c,97,57,#ffffff
5fc17afe56d8113424307b0d,98,57,#ffffff
5fc17afe56d8113424307b0e,99,57,#ffffff
5fc17afe56d8113424307b0f,100,57,#ffffff
5fc17afe56d8113424307b10,0,58,#ffffff
5fc17afe56d8113424307b11,1,58,#ffffff
5fc17afe56d8113424307b12,2,58,#ffffff
5fc17afe56d8113424307b13,3,58,#ffffff
5fc17afe56d8113424307b14,4,58,#ffffff
5fc17afe56d8113424307b15,5,58,#ffffff
5fc17afe56d8113424307b16,6,58,#ffffff
5fc17afe56d8113424307b17,7,58,#ffffff
5fc17afe56d8113424307b18,8,58,#ffffff
5fc17afe56d8113424307b19,9,58,#ffffff
5fc17afe56d8113424307b1a,10,58,#ffffff
5fc17afe56d8113424307b1b,11,58,#ffffff
5fc17afe56d8113424307b1c,12,58,#ffffff
5fc17afe56d8113424307b1d,13,58,#ffffff
5fc17afe56d8113424307b1e,14,58,#ffffff
5fc17afe56d8113424307b1f,15,58,#ffffff
5fc17afe56d8113424307b20,16,58,#ffffff
5fc17afe56d8113424307b21,17,58,#ffffff
5fc17afe56d8113424307b22,18,58,#ffffff
5fc17afe56d8113424307b23,19,58,#ffffff
5fc17afe56d8113424307b24,20,58,#ffffff
5fc17afe56d8113424307b25,21,58,#ffffff
5fc17afe56d8113424307b26,22,58,#ffffff
5fc17afe56d8113424307b27,23,58,#ffffff
5fc17afe56d8113424307b28,24,58,#ffffff
5fc17afe56d8113424307b29,25,58,#ffffff
5fc17afe56d8113424307b2a,26,58,#ffffff
5fc17afe56d8113424307b2b,27,58,#ffffff
5fc17afe56d8113424307b2c,28,58,#ffffff
5fc17afe56d8113424307b2d,29,58,#ffffff
5fc17afe56d8113424307b2e,30,58,#ffffff
5fc17afe56d8113424307b2f,31,58,#ffffff
5fc17afe56d8113424307b30,32,58,#ffffff
5fc17afe56d8113424307b31,33,58,#ffffff
5fc17afe56d8113424307b32,34,58,#ffffff
5fc17afe56d8113424307b33,35,58,#ffffff
5fc17afe56d8113424307b34,36,58,#ffffff
5fc17afe56d8113424307b35,37,58,#ffffff
5fc17afe56d8113424307b36,38,58,#ffffff
5fc17afe56d8113424307b37,39,58,#ffffff
5fc17afe56d8113424307b38,40,58,#ffffff
5fc17afe56d8113424307b39,41,58,#ffffff
5fc17afe56d8113424307b3a,42,58,#ffffff
5fc17afe56d8113424307b3b,43,58,#ffffff
5fc17afe56d8113424307b3c,44,58,#ffffff
5fc17afe56d8113424307b3d,45,58,#ffffff
5fc17afe56d8113424307b3e,46,58,#ffffff
5fc17afe56d8113424307b3f,47,58,#ffffff
5fc17afe56d8113424307b40,48,58,#ffffff
5fc17afe56d8113424307b41,49,58,#ffffff
5fc17afe56d8113424307b42,50,58,#ffffff
5fc17afe56d8113424307b43,51,58,#ffffff
5fc17afe56d8113424307b44,52,58,#ffffff
5fc17afe56d8113424307b45,53,58,#ffffff
5fc17afe56d8113424307b46,54,58,#ffffff
5fc17afe56d8113424307b47,55,58,#ffffff
5fc17afe56d8113424307b48,56,58,#ffffff
5fc17afe56d8113424307b49,57,58,#ffffff
5fc17afe56d8113424307b4a,58,58,#ffffff
5fc17afe56d8113424307b4b,59,58,#ffffff
5fc17afe56d8113424307b4c,60,58,#ffffff
5fc17afe56d8113424307b4d,61,58,#ffffff
5fc17afe56d8113424307b4e,62,58,#ffffff
5fc17afe56d8113424307b4f,63,58,#ffffff
5fc17afe56d8113424307b50,64,58,#ffffff
5fc17afe56d8113424307b51,65,58,#ffffff
5fc17afe56d8113424307b52,66,58,#ffffff
5fc17afe56d8113424307b53,67,58,#ffffff
5fc17afe56d8113424307b54,68,58,#ffffff
5fc17afe56d8113424307b55,69,58,#ffffff
5fc17afe56d8113424307b56,70,58,#ffffff
5fc17afe56d8113424307b57,71,58,#ffffff
5fc17afe56d8113424307b58,72,58,#ffffff
5fc17afe56d8113424307b59,73,58,#ffffff
5fc17afe56d8113424307b5a,74,58,#ffffff
5fc17afe56d8113424307b5b,75,58,#ffffff
5fc17afe56d8113424307b5c,76,58,#ffffff
5fc17afe56d8113424307b5d,77,58,#ffffff
5fc17afe56d8113424307b5e,78,58,#ffffff
5fc17afe56d8113424307b5f,79,58,#ffffff
5fc17afe56d8113424307b60,80,58,#ffffff
5fc17afe56d8113424307b61,81,58,#ffffff
5fc17afe56d8113424307b62,82,58,#ffffff
5fc17afe56d8113424307b63,83,58,#ffffff
5fc17afe56d8113424307b64,84,58,#ffffff
5fc17afe56d8113424307b65,85,58,#ffffff
5fc17afe56d8113424307b66,86,58,#ffffff
5fc17afe56d8113424307b67,87,58,#ffffff
5fc17afe56d8113424307b68,88,58,#ffffff
5fc17afe56d8113424307b69,89,58,#ffffff
5fc17afe56d8113424307b6a,90,58,#ffffff
5fc17afe56d8113424307b6b,91,58,#ffffff
5fc17afe56d8113424307b6c,92,58,#ffffff
5fc17afe56d8113424307b6d,93,58,#ffffff
5fc17afe56d8113424307b6e,94,58,#ffffff
5fc17afe56d8113424307b6f,95,58,#ffffff
5fc17afe56d8113424307b70,96,58,#ffffff
5fc17afe56d8113424307b71,97,58,#ffffff
5fc17afe56d8113424307b72,98,58,#ffffff
5fc17afe56d8113424307b73,99,58,#ffffff
5fc17afe56d8113424307b74,100,58,#ffffff
5fc17afe56d8113424307b75,0,59,#ffffff
5fc17afe56d8113424307b76,1,59,#ffffff
5fc17afe56d8113424307b77,2,59,#ffffff
5fc17afe56d8113424307b78,3,59,#ffffff
5fc17afe56d8113424307b79,4,59,#ffffff
5fc17afe56d8113424307b7a,5,59,#ffffff
5fc17afe56d8113424307b7b,6,59,#ffffff
5fc17afe56d8113424307b7c,7,59,#ffffff
5fc17afe56d8113424307b7d,8,59,#ffffff
5fc17afe56d8113424307b7e,9,59,#ffffff
5fc17afe56d8113424307b7f,10,59,#ffffff
5fc17afe56d8113424307b80,11,59,#ffffff
5fc17afe56d8113424307b81,12,59,#ffffff
5fc17afe56d8113424307b82,13,59,#ffffff
5fc17afe56d8113424307b83,14,59,#ffffff
5fc17afe56d8113424307b84,15,59,#ffffff
5fc17afe56d8113424307b85,16,59,#ffffff
5fc17afe56d8113424307b86,17,59,#ffffff
5fc17afe56d8113424307b87,18,59,#ffffff
5fc17afe56d8113424307b88,19,59,#ffffff
5fc17afe56d8113424307b89,20,59,#ffffff
5fc17afe56d8113424307b8a,21,59,#ffffff
5fc17afe56d8113424307b8b,22,59,#ffffff
5fc17afe56d8113424307b8c,23,59,#ffffff
5fc17afe56d8113424307b8d,24,59,#ffffff
5fc17afe56d8113424307b8e,25,59,#ffffff
5fc17afe56d8113424307b8f,26,59,#ffffff
5fc17afe56d8113424307b90,27,59,#ffffff
5fc17afe56d8113424307b91,28,59,#ffffff
5fc17afe56d8113424307b92,29,59,#ffffff
5fc17afe56d8113424307b93,30,59,#ffffff
5fc17afe56d8113424307b94,31,59,#ffffff
5fc17afe56d8113424307b95,32,59,#ffffff
5fc17afe56d8113424307b96,33,59,#ffffff
5fc17afe56d8113424307b97,34,59,#ffffff
5fc17afe56d8113424307b98,35,59,#ffffff
5fc17afe56d8113424307b99,36,59,#ffffff
5fc17afe56d8113424307b9a,37,59,#ffffff
5fc17afe56d8113424307b9b,38,59,#ffffff
5fc17afe56d8113424307b9c,39,59,#ffffff
5fc17afe56d8113424307b9d,40,59,#ffffff
5fc17afe56d8113424307b9e,41,59,#ffffff
5fc17afe56d8113424307b9f,42,59,#ffffff
5fc17afe56d8113424307ba0,43,59,#ffffff
5fc17afe56d8113424307ba1,44,59,#ffffff
5fc17afe56d8113424307ba2,45,59,#ffffff
5fc17afe56d8113424307ba3,46,59,#ffffff
5fc17afe56d8113424307ba4,47,59,#ffffff
5fc17afe56d8113424307ba5,48,59,#ffffff
5fc17afe56d8113424307ba6,49,59,#ffffff
5fc17afe56d8113424307ba7,50,59,#ffffff
5fc17afe56d8113424307ba8,51,59,#ffffff
5fc17afe56d8113424307ba9,52,59,#ffffff
5fc17afe56d8113424307baa,53,59,#ffffff
5fc17afe56d8113424307bab,54,59,#ffffff
5fc17afe56d8113424307bac,55,59,#ffffff
5fc17afe56d8113424307bad,56,59,#ffffff
5fc17afe56d8113424307bae,57,59,#ffffff
5fc17afe56d8113424307baf,58,59,#ffffff
5fc17afe56d8113424307bb0,59,59,#ffffff
5fc17afe56d8113424307bb1,60,59,#ffffff
5fc17afe56d8113424307bb2,61,59,#ffffff
5fc17afe56d8113424307bb3,62,59,#ffffff
5fc17afe56d8113424307bb4,63,59,#ffffff
5fc17afe56d8113424307bb5,64,59,#ffffff
5fc17afe56d8113424307bb6,65,59,#ffffff
5fc17afe56d8113424307bb7,66,59,#ffffff
5fc17afe56d8113424307bb8,67,59,#ffffff
5fc17afe56d8113424307bb9,68,59,#ffffff
5fc17afe56d8113424307bba,69,59,#ffffff
5fc17afe56d8113424307bbb,70,59,#ffffff
5fc17afe56d8113424307bbc,71,59,#ffffff
5fc17afe56d8113424307bbd,72,59,#ffffff
5fc17afe56d8113424307bbe,73,59,#ffffff
5fc17afe56d8113424307bbf,74,59,#ffffff
5fc17afe56d8113424307bc0,75,59,#ffffff
5fc17afe56d8113424307bc1,76,59,#ffffff
5fc17afe56d8113424307bc2,77,59,#ffffff
5fc17afe56d8113424307bc3,78,59,#ffffff
5fc17afe56d8113424307bc4,79,59,#ffffff
5fc17afe56d8113424307bc5,80,59,#ffffff
5fc17afe56d8113424307bc6,81,59,#ffffff
5fc17afe56d8113424307bc7,82,59,#ffffff
5fc17afe56d8113424307bc8,83,59,#ffffff
5fc17afe56d8113424307bc9,84,59,#ffffff
5fc17afe56d8113424307bca,85,59,#ffffff
5fc17afe56d8113424307bcb,86,59,#ffffff
5fc17afe56d8113424307bcc,87,59,#ffffff
5fc17afe56d8113424307bcd,88,59,#ffffff
5fc17afe56d8113424307bce,89,59,#ffffff
5fc17afe56d8113424307bcf,90,59,#ffffff
5fc17afe56d8113424307bd0,91,59,#ffffff
5fc17afe56d8113424307bd1,92,59,#ffffff
5fc17afe56d8113424307bd2,93,59,#ffffff
5fc17afe56d8113424307bd3,94,59,#ffffff
5fc17afe56d8113424307bd4,95,59,#ffffff
5fc17afe56d8113424307bd5,96,59,#ffffff
5fc17afe56d8113424307bd6,97,59,#ffffff
5fc17afe56d8113424307bd7,98,59,#ffffff
5fc17afe56d8113424307bd8,99,59,#ffffff
5fc17afe56d8113424307bd9,100,59,#ffffff
5fc17afe56d8113424307bda,0,60,#ffffff
5fc17afe56d8113424307bdb,1,60,#ffffff
5fc17afe56d8113424307bdc,2,60,#ffffff
5fc17afe56d8113424307bdd,3,60,#ffffff
5fc17afe56d8113424307bde,4,60,#ffffff
5fc17afe56d8113424307bdf,5,60,#ffffff
5fc17afe56d8113424307be0,6,60,#ffffff
5fc17afe56d8113424307be1,7,60,#ffffff
5fc17afe56d8113424307be2,8,60,#ffffff
5fc17afe56d8113424307be3,9,60,#ffffff
5fc17afe56d8113424307be4,10,60,#ffffff
5fc17afe56d8113424307be5,11,60,#ffffff
5fc17afe56d8113424307be6,12,60,#ffffff
5fc17afe56d8113424307be7,13,60,#ffffff
5fc17afe56d8113424307be8,14,60,#ffffff
5fc17afe56d8113424307be9,15,60,#ffffff
5fc17afe56d8113424307bea,16,60,#ffffff
5fc17afe56d8113424307beb,17,60,#ffffff
5fc17afe56d8113424307bec,18,60,#ffffff
5fc17afe56d8113424307bed,19,60,#ffffff
5fc17afe56d8113424307bee,20,60,#ffffff
5fc17afe56d8113424307bef,21,60,#ffffff
5fc17afe56d8113424307bf0,22,60,#ffffff
5fc17afe56d8113424307bf1,23,60,#ffffff
5fc17afe56d8113424307bf2,24,60,#ffffff
5fc17afe56d8113424307bf3,25,60,#ffffff
5fc17afe56d8113424307bf4,26,60,#ffffff
5fc17afe56d8113424307bf5,27,60,#ffffff
5fc17afe56d8113424307bf6,28,60,#ffffff
5fc17afe56d8113424307bf7,29,60,#ffffff
5fc17afe56d8113424307bf8,30,60,#ffffff
5fc17afe56d8113424307bf9,31,60,#ffffff
5fc17afe56d8113424307bfa,32,60,#ffffff
5fc17afe56d8113424307bfb,33,60,#ffffff
5fc17afe56d8113424307bfc,34,60,#ffffff
5fc17afe56d8113424307bfd,35,60,#ffffff
5fc17afe56d8113424307bfe,36,60,#ffffff
5fc17afe56d8113424307bff,37,60,#ffffff
5fc17afe56d8113424307c00,38,60,#ffffff
5fc17afe56d8113424307c01,39,60,#ffffff
5fc17afe56d8113424307c02,40,60,#ffffff
5fc17afe56d8113424307c03,41,60,#ffffff
5fc17afe56d8113424307c04,42,60,#ffffff
5fc17afe56d8113424307c05,43,60,#ffffff
5fc17afe56d8113424307c06,44,60,#ffffff
5fc17afe56d8113424307c07,45,60,#ffffff
5fc17afe56d8113424307c08,46,60,#ffffff
5fc17afe56d8113424307c09,47,60,#ffffff
5fc17afe56d8113424307c0a,48,60,#ffffff
5fc17afe56d8113424307c0b,49,60,#ffffff
5fc17afe56d8113424307c0c,50,60,#ffffff
5fc17afe56d8113424307c0d,51,60,#ffffff
5fc17afe56d8113424307c0e,52,60,#ffffff
5fc17afe56d8113424307c0f,53,60,#ffffff
5fc17afe56d8113424307c10,54,60,#ffffff
5fc17afe56d8113424307c11,55,60,#ffffff
5fc17afe56d8113424307c12,56,60,#ffffff
5fc17afe56d8113424307c13,57,60,#ffffff
5fc17afe56d8113424307c14,58,60,#ffffff
5fc17afe56d8113424307c15,59,60,#ffffff
5fc17afe56d8113424307c16,60,60,#ffffff
5fc17afe56d8113424307c17,61,60,#ffffff
5fc17afe56d8113424307c18,62,60,#ffffff
5fc17afe56d8113424307c19,63,60,#ffffff
5fc17afe56d8113424307c1a,64,60,#ffffff
5fc17afe56d8113424307c1b,65,60,#ffffff
5fc17afe56d8113424307c1c,66,60,#ffffff
5fc17afe56d8113424307c1d,67,60,#ffffff
5fc17afe56d8113424307c1e,68,60,#ffffff
5fc17afe56d8113424307c1f,69,60,#ffffff
5fc17afe56d8113424307c20,70,60,#ffffff
5fc17afe56d8113424307c21,71,60,#ffffff
5fc17afe56d8113424307c22,72,60,#ffffff
5fc17afe56d8113424307c23,73,60,#ffffff
5fc17afe56d8113424307c24,74,60,#ffffff
5fc17afe56d8113424307c25,75,60,#ffffff
5fc17afe56d8113424307c26,76,60,#ffffff
5fc17afe56d8113424307c27,77,60,#ffffff
5fc17afe56d8113424307c28,78,60,#ffffff
5fc17afe56d8113424307c29,79,60,#ffffff
5fc17afe56d8113424307c2a,80,60,#ffffff
5fc17afe56d8113424307c2b,81,60,#ffffff
5fc17afe56d8113424307c2c,82,60,#ffffff
5fc17afe56d8113424307c2d,83,60,#ffffff
5fc17afe56d8113424307c2e,84,60,#ffffff
5fc17afe56d8113424307c2f,85,60,#ffffff
5fc17afe56d8113424307c30,86,60,#ffffff
5fc17afe56d8113424307c31,87,60,#ffffff
5fc17afe56d8113424307c32,88,60,#ffffff
5fc17afe56d8113424307c33,89,60,#ffffff
5fc17afe56d8113424307c34,90,60,#ffffff
5fc17afe56d8113424307c35,91,60,#ffffff
5fc17afe56d8113424307c36,92,60,#ffffff
5fc17afe56d8113424307c37,93,60,#ffffff
5fc17afe56d8113424307c38,94,60,#ffffff
5fc17afe56d8113424307c39,95,60,#ffffff
5fc17afe56d8113424307c3a,96,60,#ffffff
5fc17afe56d8113424307c3b,97,60,#ffffff
5fc17afe56d8113424307c3c,98,60,#ffffff
5fc17afe56d8113424307c3d,99,60,#ffffff
5fc17afe56d8113424307c3e,100,60,#ffffff
5fc17afe56d8113424307c3f,0,61,#ffffff
5fc17afe56d8113424307c40,1,61,#ffffff
5fc17afe56d8113424307c41,2,61,#ffffff
5fc17afe56d8113424307c42,3,61,#ffffff
5fc17afe56d8113424307c43,4,61,#ffffff
5fc17afe56d8113424307c44,5,61,#ffffff
5fc17afe56d8113424307c45,6,61,#ffffff
5fc17afe56d8113424307c46,7,61,#ffffff
5fc17afe56d8113424307c47,8,61,#ffffff
5fc17afe56d8113424307c48,9,61,#ffffff
5fc17afe56d8113424307c49,10,61,#ffffff
5fc17afe56d8113424307c4a,11,61,#ffffff
5fc17afe56d8113424307c4b,12,61,#ffffff
5fc17afe56d8113424307c4c,13,61,#ffffff
5fc17afe56d8113424307c4d,14,61,#ffffff
5fc17afe56d8113424307c4e,15,61,#ffffff
5fc17afe56d8113424307c4f,16,61,#ffffff
5fc17afe56d8113424307c50,17,61,#ffffff
5fc17afe56d8113424307c51,18,61,#ffffff
5fc17afe56d8113424307c52,19,61,#ffffff
5fc17afe56d8113424307c53,20,61,#ffffff
5fc17afe56d8113424307c54,21,61,#ffffff
5fc17afe56d8113424307c55,22,61,#ffffff
5fc17afe56d8113424307c56,23,61,#ffffff
5fc17afe56d8113424307c57,24,61,#ffffff
5fc17afe56d8113424307c58,25,61,#ffffff
5fc17afe56d8113424307c59,26,61,#ffffff
5fc17afe56d8113424307c5a,27,61,#ffffff
5fc17afe56d8113424307c5b,28,61,#ffffff
5fc17afe56d8113424307c5c,29,61,#ffffff
5fc17afe56d8113424307c5d,30,61,#ffffff
5fc17afe56d8113424307c5e,31,61,#ffffff
5fc17afe56d8113424307c5f,32,61,#ffffff
5fc17afe56d8113424307c60,33,61,#ffffff
5fc17afe56d8113424307c61,34,61,#ffffff
5fc17afe56d8113424307c62,35,61,#ffffff
5fc17afe56d8113424307c63,36,61,#ffffff
5fc17afe56d8113424307c64,37,61,#ffffff
5fc17afe56d8113424307c65,38,61,#ffffff
5fc17afe56d8113424307c66,39,61,#ffffff
5fc17afe56d8113424307c67,40,61,#ffffff
5fc17afe56d8113424307c68,41,61,#ffffff
5fc17afe56d8113424307c69,42,61,#ffffff
5fc17afe56d8113424307c6a,43,61,#ffffff
5fc17afe56d8113424307c6b,44,61,#ffffff
5fc17afe56d8113424307c6c,45,61,#ffffff
5fc17afe56d8113424307c6d,46,61,#ffffff
5fc17afe56d8113424307c6e,47,61,#ffffff
5fc17afe56d8113424307c6f,48,61,#ffffff
5fc17afe56d8113424307c70,49,61,#ffffff
5fc17afe56d8113424307c71,50,61,#ffffff
5fc17afe56d8113424307c72,51,61,#ffffff
5fc17afe56d8113424307c73,52,61,#ffffff
5fc17afe56d8113424307c74,53,61,#ffffff
5fc17afe56d8113424307c75,54,61,#ffffff
5fc17afe56d8113424307c76,55,61,#ffffff
5fc17afe56d8113424307c77,56,61,#ffffff
5fc17afe56d8113424307c78,57,61,#ffffff
5fc17afe56d8113424307c79,58,61,#ffffff
5fc17afe56d8113424307c7a,59,61,#ffffff
5fc17afe56d8113424307c7b,60,61,#ffffff
5fc17afe56d8113424307c7c,61,61,#ffffff
5fc17afe56d8113424307c7d,62,61,#ffffff
5fc17afe56d8113424307c7e,63,61,#ffffff
5fc17afe56d8113424307c7f,64,61,#ffffff
5fc17afe56d8113424307c80,65,61,#ffffff
5fc17afe56d8113424307c81,66,61,#ffffff
5fc17afe56d8113424307c82,67,61,#ffffff
5fc17afe56d8113424307c83,68,61,#ffffff
5fc17afe56d8113424307c84,69,61,#ffffff
5fc17afe56d8113424307c85,70,61,#ffffff
5fc17afe56d8113424307c86,71,61,#ffffff
5fc17afe56d8113424307c87,72,61,#ffffff
5fc17afe56d8113424307c88,73,61,#ffffff
5fc17afe56d8113424307c89,74,61,#ffffff
5fc17afe56d8113424307c8a,75,61,#ffffff
5fc17afe56d8113424307c8b,76,61,#ffffff
5fc17afe56d8113424307c8c,77,61,#ffffff
5fc17afe56d8113424307c8d,78,61,#ffffff
5fc17afe56d8113424307c8e,79,61,#ffffff
5fc17afe56d8113424307c8f,80,61,#ffffff
5fc17afe56d8113424307c90,81,61,#ffffff
5fc17afe56d8113424307c91,82,61,#ffffff
5fc17afe56d8113424307c92,83,61,#ffffff
5fc17afe56d8113424307c93,84,61,#ffffff
5fc17afe56d8113424307c94,85,61,#ffffff
5fc17afe56d8113424307c95,86,61,#ffffff
5fc17afe56d8113424307c96,87,61,#ffffff
5fc17afe56d8113424307c97,88,61,#ffffff
5fc17afe56d8113424307c98,89,61,#ffffff
5fc17afe56d8113424307c99,90,61,#ffffff
5fc17afe56d8113424307c9a,91,61,#ffffff
5fc17afe56d8113424307c9b,92,61,#ffffff
5fc17afe56d8113424307c9c,93,61,#ffffff
5fc17afe56d8113424307c9d,94,61,#ffffff
5fc17afe56d8113424307c9e,95,61,#ffffff
5fc17afe56d8113424307c9f,96,61,#ffffff
5fc17afe56d8113424307ca0,97,61,#ffffff
5fc17afe56d8113424307ca1,98,61,#ffffff
5fc17afe56d8113424307ca2,99,61,#ffffff
5fc17afe56d8113424307ca3,100,61,#ffffff
5fc17afe56d8113424307ca4,0,62,#ffffff
5fc17afe56d8113424307ca5,1,62,#ffffff
5fc17afe56d8113424307ca6,2,62,#ffffff
5fc17afe56d8113424307ca7,3,62,#ffffff
5fc17afe56d8113424307ca8,4,62,#ffffff
5fc17afe56d8113424307ca9,5,62,#ffffff
5fc17afe56d8113424307caa,6,62,#ffffff
5fc17afe56d8113424307cab,7,62,#ffffff
5fc17afe56d8113424307cac,8,62,#ffffff
5fc17afe56d8113424307cad,9,62,#ffffff
5fc17afe56d8113424307cae,10,62,#ffffff
5fc17afe56d8113424307caf,11,62,#ffffff
5fc17afe56d8113424307cb0,12,62,#ffffff
5fc17afe56d8113424307cb1,13,62,#ffffff
5fc17afe56d8113424307cb2,14,62,#ffffff
5fc17afe56d8113424307cb3,15,62,#ffffff
5fc17afe56d8113424307cb4,16,62,#ffffff
5fc17afe56d8113424307cb5,17,62,#ffffff
5fc17afe56d8113424307cb6,18,62,#ffffff
5fc17afe56d8113424307cb7,19,62,#ffffff
5fc17afe56d8113424307cb8,20,62,#ffffff
5fc17afe56d8113424307cb9,21,62,#ffffff
5fc17afe56d8113424307cba,22,62,#ffffff
5fc17afe56d8113424307cbb,23,62,#ffffff
5fc17afe56d8113424307cbc,24,62,#ffffff
5fc17afe56d8113424307cbd,25,62,#ffffff
5fc17afe56d8113424307cbe,26,62,#ffffff
5fc17afe56d8113424307cbf,27,62,#ffffff
5fc17afe56d8113424307cc0,28,62,#ffffff
5fc17afe56d8113424307cc1,29,62,#ffffff
5fc17afe56d8113424307cc2,30,62,#ffffff
5fc17afe56d8113424307cc3,31,62,#ffffff
5fc17afe56d8113424307cc4,32,62,#ffffff
5fc17afe56d8113424307cc5,33,62,#ffffff
5fc17afe56d8113424307cc6,34,62,#ffffff
5fc17afe56d8113424307cc7,35,62,#ffffff
5fc17afe56d8113424307cc8,36,62,#ffffff
5fc17afe56d8113424307cc9,37,62,#ffffff
5fc17afe56d8113424307cca,38,62,#ffffff
5fc17afe56d8113424307ccb,39,62,#ffffff
5fc17afe56d8113424307ccc,40,62,#ffffff
5fc17afe56d8113424307ccd,41,62,#ffffff
5fc17afe56d8113424307cce,42,62,#ffffff
5fc17afe56d8113424307ccf,43,62,#ffffff
5fc17afe56d8113424307cd0,44,62,#ffffff
5fc17afe56d8113424307cd1,45,62,#ffffff
5fc17afe56d8113424307cd2,46,62,#ffffff
5fc17afe56d8113424307cd3,47,62,#ffffff
5fc17afe56d8113424307cd4,48,62,#ffffff
5fc17afe56d8113424307cd5,49,62,#ffffff
5fc17afe56d8113424307cd6,50,62,#ffffff
5fc17afe56d8113424307cd7,51,62,#ffffff
5fc17afe56d8113424307cd8,52,62,#ffffff
5fc17afe56d8113424307cd9,53,62,#ffffff
5fc17afe56d8113424307cda,54,62,#ffffff
5fc17afe56d8113424307cdb,55,62,#ffffff
5fc17afe56d8113424307cdc,56,62,#ffffff
5fc17afe56d8113424307cdd,57,62,#ffffff
5fc17afe56d8113424307cde,58,62,#ffffff
5fc17afe56d8113424307cdf,59,62,#ffffff
5fc17afe56d8113424307ce0,60,62,#ffffff
5fc17afe56d8113424307ce1,61,62,#ffffff
5fc17afe56d8113424307ce2,62,62,#ffffff
5fc17afe56d8113424307ce3,63,62,#ffffff
5fc17afe56d8113424307ce4,64,62,#ffffff
5fc17afe56d8113424307ce5,65,62,#ffffff
5fc17afe56d8113424307ce6,66,62,#ffffff
5fc17afe56d8113424307ce7,67,62,#ffffff
5fc17afe56d8113424307ce8,68,62,#ffffff
5fc17afe56d8113424307ce9,69,62,#ffffff
5fc17afe56d8113424307cea,70,62,#ffffff
5fc17afe56d8113424307ceb,71,62,#ffffff
5fc17afe56d8113424307cec,72,62,#ffffff
5fc17afe56d8113424307ced,73,62,#ffffff
5fc17afe56d8113424307cee,74,62,#ffffff
5fc17afe56d8113424307cef,75,62,#ffffff
5fc17afe56d8113424307cf0,76,62,#ffffff
5fc17afe56d8113424307cf1,77,62,#ffffff
5fc17afe56d8113424307cf2,78,62,#ffffff
5fc17afe56d8113424307cf3,79,62,#ffffff
5fc17afe56d8113424307cf4,80,62,#ffffff
5fc17afe56d8113424307cf5,81,62,#ffffff
5fc17afe56d8113424307cf6,82,62,#ffffff
5fc17afe56d8113424307cf7,83,62,#ffffff
5fc17afe56d8113424307cf8,84,62,#ffffff
5fc17afe56d8113424307cf9,85,62,#ffffff
5fc17afe56d8113424307cfa,86,62,#ffffff
5fc17afe56d8113424307cfb,87,62,#ffffff
5fc17afe56d8113424307cfc,88,62,#ffffff
5fc17afe56d8113424307cfd,89,62,#ffffff
5fc17afe56d8113424307cfe,90,62,#ffffff
5fc17afe56d8113424307cff,91,62,#ffffff
5fc17afe56d8113424307d00,92,62,#ffffff
5fc17afe56d8113424307d01,93,62,#ffffff
5fc17afe56d8113424307d02,94,62,#ffffff
5fc17afe56d8113424307d03,95,62,#ffffff
5fc17afe56d8113424307d04,96,62,#ffffff
5fc17afe56d8113424307d05,97,62,#ffffff
5fc17afe56d8113424307d06,98,62,#ffffff
5fc17afe56d8113424307d07,99,62,#ffffff
5fc17afe56d8113424307d08,100,62,#ffffff
5fc17afe56d8113424307d09,0,63,#ffffff
5fc17afe56d8113424307d0a,1,63,#ffffff
5fc17afe56d8113424307d0b,2,63,#ffffff
5fc17afe56d8113424307d0c,3,63,#ffffff
5fc17afe56d8113424307d0d,4,63,#ffffff
5fc17afe56d8113424307d0e,5,63,#ffffff
5fc17afe56d8113424307d0f,6,63,#ffffff
5fc17afe56d8113424307d10,7,63,#ffffff
5fc17afe56d8113424307d11,8,63,#ffffff
5fc17afe56d8113424307d12,9,63,#ffffff
5fc17afe56d8113424307d13,10,63,#ffffff
5fc17afe56d8113424307d14,11,63,#ffffff
5fc17afe56d8113424307d15,12,63,#ffffff
5fc17afe56d8113424307d16,13,63,#ffffff
5fc17afe56d8113424307d17,14,63,#ffffff
5fc17afe56d8113424307d18,15,63,#ffffff
5fc17afe56d8113424307d19,16,63,#ffffff
5fc17afe56d8113424307d1a,17,63,#ffffff
5fc17afe56d8113424307d1b,18,63,#ffffff
5fc17afe56d8113424307d1c,19,63,#ffffff
5fc17afe56d8113424307d1d,20,63,#ffffff
5fc17afe56d8113424307d1e,21,63,#ffffff
5fc17afe56d8113424307d1f,22,63,#ffffff
5fc17afe56d8113424307d20,23,63,#ffffff
5fc17afe56d8113424307d21,24,63,#ffffff
5fc17afe56d8113424307d22,25,63,#ffffff
5fc17afe56d8113424307d23,26,63,#ffffff
5fc17afe56d8113424307d24,27,63,#ffffff
5fc17afe56d8113424307d25,28,63,#ffffff
5fc17afe56d8113424307d26,29,63,#ffffff
5fc17afe56d8113424307d27,30,63,#ffffff
5fc17afe56d8113424307d28,31,63,#ffffff
5fc17afe56d8113424307d29,32,63,#ffffff
5fc17afe56d8113424307d2a,33,63,#ffffff
5fc17afe56d8113424307d2b,34,63,#ffffff
5fc17afe56d8113424307d2c,35,63,#ffffff
5fc17afe56d8113424307d2d,36,63,#ffffff
5fc17afe56d8113424307d2e,37,63,#ffffff
5fc17afe56d8113424307d2f,38,63,#ffffff
5fc17afe56d8113424307d30,39,63,#ffffff
5fc17afe56d8113424307d31,40,63,#ffffff
5fc17afe56d8113424307d32,41,63,#ffffff
5fc17afe56d8113424307d33,42,63,#ffffff
5fc17afe56d8113424307d34,43,63,#ffffff
5fc17afe56d8113424307d35,44,63,#ffffff
5fc17afe56d8113424307d36,45,63,#ffffff
5fc17afe56d8113424307d37,46,63,#ffffff
5fc17afe56d8113424307d38,47,63,#ffffff
5fc17afe56d8113424307d39,48,63,#ffffff
5fc17afe56d8113424307d3a,49,63,#ffffff
5fc17afe56d8113424307d3b,50,63,#ffffff
5fc17afe56d8113424307d3c,51,63,#ffffff
5fc17afe56d8113424307d3d,52,63,#ffffff
5fc17afe56d8113424307d3e,53,63,#ffffff
5fc17afe56d8113424307d3f,54,63,#ffffff
5fc17afe56d8113424307d40,55,63,#ffffff
5fc17afe56d8113424307d41,56,63,#ffffff
5fc17afe56d8113424307d42,57,63,#ffffff
5fc17afe56d8113424307d43,58,63,#ffffff
5fc17afe56d8113424307d44,59,63,#ffffff
5fc17afe56d8113424307d45,60,63,#ffffff
5fc17afe56d8113424307d46,61,63,#ffffff
5fc17afe56d8113424307d47,62,63,#ffffff
5fc17afe56d8113424307d48,63,63,#ffffff
5fc17afe56d8113424307d49,64,63,#ffffff
5fc17afe56d8113424307d4a,65,63,#ffffff
5fc17afe56d8113424307d4b,66,63,#ffffff
5fc17afe56d8113424307d4c,67,63,#ffffff
5fc17afe56d8113424307d4d,68,63,#ffffff
5fc17afe56d8113424307d4e,69,63,#ffffff
5fc17afe56d8113424307d4f,70,63,#ffffff
5fc17afe56d8113424307d50,71,63,#ffffff
5fc17afe56d8113424307d51,72,63,#ffffff
5fc17afe56d8113424307d52,73,63,#ffffff
5fc17afe56d8113424307d53,74,63,#ffffff
5fc17afe56d8113424307d54,75,63,#ffffff
5fc17afe56d8113424307d55,76,63,#ffffff
5fc17afe56d8113424307d56,77,63,#ffffff
5fc17afe56d8113424307d57,78,63,#ffffff
5fc17afe56d8113424307d58,79,63,#ffffff
5fc17afe56d8113424307d59,80,63,#ffffff
5fc17afe56d8113424307d5a,81,63,#ffffff
5fc17afe56d8113424307d5b,82,63,#ffffff
5fc17afe56d8113424307d5c,83,63,#ffffff
5fc17afe56d8113424307d5d,84,63,#ffffff
5fc17afe56d8113424307d5e,85,63,#ffffff
5fc17afe56d8113424307d5f,86,63,#ffffff
5fc17afe56d8113424307d60,87,63,#ffffff
5fc17afe56d8113424307d61,88,63,#ffffff
5fc17afe56d8113424307d62,89,63,#ffffff
5fc17afe56d8113424307d63,90,63,#ffffff
5fc17afe56d8113424307d64,91,63,#ffffff
5fc17afe56d8113424307d65,92,63,#ffffff
5fc17afe56d8113424307d66,93,63,#ffffff
5fc17afe56d8113424307d67,94,63,#ffffff
5fc17afe56d8113424307d68,95,63,#ffffff
5fc17afe56d8113424307d69,96,63,#ffffff
5fc17afe56d8113424307d6a,97,63,#ffffff
5fc17afe56d8113424307d6b,98,63,#ffffff
5fc17afe56d8113424307d6c,99,63,#ffffff
5fc17afe56d8113424307d6d,100,63,#ffffff
5fc17afe56d8113424307d6e,0,64,#ffffff
5fc17afe56d8113424307d6f,1,64,#ffffff
5fc17afe56d8113424307d70,2,64,#ffffff
5fc17afe56d8113424307d71,3,64,#ffffff
5fc17afe56d8113424307d72,4,64,#ffffff
5fc17afe56d8113424307d73,5,64,#ffffff
5fc17afe56d8113424307d74,6,64,#ffffff
5fc17afe56d8113424307d75,7,64,#ffffff
5fc17afe56d8113424307d76,8,64,#ffffff
5fc17afe56d8113424307d77,9,64,#ffffff
5fc17afe56d8113424307d78,10,64,#ffffff
5fc17afe56d8113424307d79,11,64,#ffffff
5fc17afe56d8113424307d7a,12,64,#ffffff
5fc17afe56d8113424307d7b,13,64,#ffffff
5fc17afe56d8113424307d7c,14,64,#ffffff
5fc17afe56d8113424307d7d,15,64,#ffffff
5fc17afe56d8113424307d7e,16,64,#ffffff
5fc17afe56d8113424307d7f,17,64,#ffffff
5fc17afe56d8113424307d80,18,64,#ffffff
5fc17afe56d8113424307d81,19,64,#ffffff
5fc17afe56d8113424307d82,20,64,#ffffff
5fc17afe56d8113424307d83,21,64,#ffffff
5fc17afe56d8113424307d84,22,64,#ffffff
5fc17afe56d8113424307d85,23,64,#ffffff
5fc17afe56d8113424307d86,24,64,#ffffff
5fc17afe56d8113424307d87,25,64,#ffffff
5fc17afe56d8113424307d88,26,64,#ffffff
5fc17afe56d8113424307d89,27,64,#ffffff
5fc17afe56d8113424307d8a,28,64,#ffffff
5fc17afe56d8113424307d8b,29,64,#ffffff
5fc17afe56d8113424307d8c,30,64,#ffffff
5fc17afe56d8113424307d8d,31,64,#ffffff
5fc17afe56d8113424307d8e,32,64,#ffffff
5fc17afe56d8113424307d8f,33,64,#ffffff
5fc17afe56d8113424307d90,34,64,#ffffff
5fc17afe56d8113424307d91,35,64,#ffffff
5fc17afe56d8113424307d92,36,64,#ffffff
5fc17afe56d8113424307d93,37,64,#ffffff
5fc17afe56d8113424307d94,38,64,#ffffff
5fc17afe56d8113424307d95,39,64,#ffffff
5fc17afe56d8113424307d96,40,64,#ffffff
5fc17afe56d8113424307d97,41,64,#ffffff
5fc17afe56d8113424307d98,42,64,#ffffff
5fc17afe56d8113424307d99,43,64,#ffffff
5fc17afe56d8113424307d9a,44,64,#ffffff
5fc17afe56d8113424307d9b,45,64,#ffffff
5fc17afe56d8113424307d9c,46,64,#ffffff
5fc17afe56d8113424307d9d,47,64,#ffffff
5fc17afe56d8113424307d9e,48,64,#ffffff
5fc17afe56d8113424307d9f,49,64,#ffffff
5fc17afe56d8113424307da0,50,64,#ffffff
5fc17afe56d8113424307da1,51,64,#ffffff
5fc17afe56d8113424307da2,52,64,#ffffff
5fc17afe56d8113424307da3,53,64,#ffffff
5fc17afe56d8113424307da4,54,64,#ffffff
5fc17afe56d8113424307da5,55,64,#ffffff
5fc17afe56d8113424307da6,56,64,#ffffff
5fc17afe56d8113424307da7,57,64,#ffffff
5fc17afe56d8113424307da8,58,64,#ffffff
5fc17afe56d8113424307da9,59,64,#ffffff
5fc17afe56d8113424307daa,60,64,#ffffff
5fc17afe56d8113424307dab,61,64,#ffffff
5fc17afe56d8113424307dac,62,64,#ffffff
5fc17afe56d8113424307dad,63,64,#ffffff
5fc17afe56d8113424307dae,64,64,#ffffff
5fc17afe56d8113424307daf,65,64,#ffffff
5fc17afe56d8113424307db0,66,64,#ffffff
5fc17afe56d8113424307db1,67,64,#ffffff
5fc17afe56d8113424307db2,68,64,#ffffff
5fc17afe56d8113424307db3,69,64,#ffffff
5fc17afe56d8113424307db4,70,64,#ffffff
5fc17afe56d8113424307db5,71,64,#ffffff
5fc17afe56d8113424307db6,72,64,#ffffff
5fc17afe56d8113424307db7,73,64,#ffffff
5fc17afe56d8113424307db8,74,64,#ffffff
5fc17afe56d8113424307db9,75,64,#ffffff
5fc17afe56d8113424307dba,76,64,#ffffff
5fc17afe56d8113424307dbb,77,64,#ffffff
5fc17afe56d8113424307dbc,78,64,#ffffff
5fc17afe56d8113424307dbd,79,64,#ffffff
5fc17afe56d8113424307dbe,80,64,#ffffff
5fc17afe56d8113424307dbf,81,64,#ffffff
5fc17afe56d8113424307dc0,82,64,#ffffff
5fc17afe56d8113424307dc1,83,64,#ffffff
5fc17afe56d8113424307dc2,84,64,#ffffff
5fc17afe56d8113424307dc3,85,64,#ffffff
5fc17afe56d8113424307dc4,86,64,#ffffff
5fc17afe56d8113424307dc5,87,64,#ffffff
5fc17afe56d8113424307dc6,88,64,#ffffff
5fc17afe56d8113424307dc7,89,64,#ffffff
5fc17afe56d8113424307dc8,90,64,#ffffff
5fc17afe56d8113424307dc9,91,64,#ffffff
5fc17afe56d8113424307dca,92,64,#ffffff
5fc17afe56d8113424307dcb,93,64,#ffffff
5fc17afe56d8113424307dcc,94,64,#ffffff
5fc17afe56d8113424307dcd,95,64,#ffffff
5fc17afe56d8113424307dce,96,64,#ffffff
5fc17afe56d8113424307dcf,97,64,#ffffff
5fc17afe56d8113424307dd0,98,64,#ffffff
5fc17afe56d8113424307dd1,99,64,#ffffff
5fc17afe56d8113424307dd2,100,64,#ffffff
5fc17afe56d8113424307dd3,0,65,#ffffff
5fc17afe56d8113424307dd4,1,65,#ffffff
5fc17afe56d8113424307dd5,2,65,#ffffff
5fc17afe56d8113424307dd6,3,65,#ffffff
5fc17afe56d8113424307dd7,4,65,#ffffff
5fc17afe56d8113424307dd8,5,65,#ffffff
5fc17afe56d8113424307dd9,6,65,#ffffff
5fc17afe56d8113424307dda,7,65,#ffffff
5fc17afe56d8113424307ddb,8,65,#ffffff
5fc17afe56d8113424307ddc,9,65,#ffffff
5fc17afe56d8113424307ddd,10,65,#ffffff
5fc17afe56d8113424307dde,11,65,#ffffff
5fc17afe56d8113424307ddf,12,65,#ffffff
5fc17afe56d8113424307de0,13,65,#ffffff
5fc17afe56d8113424307de1,14,65,#ffffff
5fc17afe56d8113424307de2,15,65,#ffffff
5fc17afe56d8113424307de3,16,65,#ffffff
5fc17afe56d8113424307de4,17,65,#ffffff
5fc17afe56d8113424307de5,18,65,#ffffff
5fc17afe56d8113424307de6,19,65,#ffffff
5fc17afe56d8113424307de7,20,65,#ffffff
5fc17afe56d8113424307de8,21,65,#ffffff
5fc17afe56d8113424307de9,22,65,#ffffff
5fc17afe56d8113424307dea,23,65,#ffffff
5fc17afe56d8113424307deb,24,65,#ffffff
5fc17afe56d8113424307dec,25,65,#ffffff
5fc17afe56d8113424307ded,26,65,#ffffff
5fc17afe56d8113424307dee,27,65,#ffffff
5fc17afe56d8113424307def,28,65,#ffffff
5fc17afe56d8113424307df0,29,65,#ffffff
5fc17afe56d8113424307df1,30,65,#ffffff
5fc17afe56d8113424307df2,31,65,#ffffff
5fc17afe56d8113424307df3,32,65,#ffffff
5fc17afe56d8113424307df4,33,65,#ffffff
5fc17afe56d8113424307df5,34,65,#ffffff
5fc17afe56d8113424307df6,35,65,#ffffff
5fc17afe56d8113424307df7,36,65,#ffffff
5fc17afe56d8113424307df8,37,65,#ffffff
5fc17afe56d8113424307df9,38,65,#ffffff
5fc17afe56d8113424307dfa,39,65,#ffffff
5fc17afe56d8113424307dfb,40,65,#ffffff
5fc17afe56d8113424307dfc,41,65,#ffffff
5fc17afe56d8113424307dfd,42,65,#ffffff
5fc17afe56d8113424307dfe,43,65,#ffffff
5fc17afe56d8113424307dff,44,65,#ffffff
5fc17afe56d8113424307e00,45,65,#ffffff
5fc17afe56d8113424307e01,46,65,#ffffff
5fc17afe56d8113424307e02,47,65,#ffffff
5fc17afe56d8113424307e03,48,65,#ffffff
5fc17afe56d8113424307e04,49,65,#ffffff
5fc17afe56d8113424307e05,50,65,#ffffff
5fc17afe56d8113424307e06,51,65,#ffffff
5fc17afe56d8113424307e07,52,65,#ffffff
5fc17afe56d8113424307e08,53,65,#ffffff
5fc17afe56d8113424307e09,54,65,#ffffff
5fc17afe56d8113424307e0a,55,65,#ffffff
5fc17afe56d8113424307e0b,56,65,#ffffff
5fc17afe56d8113424307e0c,57,65,#ffffff
5fc17afe56d8113424307e0d,58,65,#ffffff
5fc17afe56d8113424307e0e,59,65,#ffffff
5fc17afe56d8113424307e0f,60,65,#ffffff
5fc17afe56d8113424307e10,61,65,#ffffff
5fc17afe56d8113424307e11,62,65,#ffffff
5fc17afe56d8113424307e12,63,65,#ffffff
5fc17afe56d8113424307e13,64,65,#ffffff
5fc17afe56d8113424307e14,65,65,#ffffff
5fc17afe56d8113424307e15,66,65,#ffffff
5fc17afe56d8113424307e16,67,65,#ffffff
5fc17afe56d8113424307e17,68,65,#ffffff
5fc17afe56d8113424307e18,69,65,#ffffff
5fc17afe56d8113424307e19,70,65,#ffffff
5fc17afe56d8113424307e1a,71,65,#ffffff
5fc17afe56d8113424307e1b,72,65,#ffffff
5fc17afe56d8113424307e1c,73,65,#ffffff
5fc17afe56d8113424307e1d,74,65,#ffffff
5fc17afe56d8113424307e1e,75,65,#ffffff
5fc17afe56d8113424307e1f,76,65,#ffffff
5fc17afe56d8113424307e20,77,65,#ffffff
5fc17afe56d8113424307e21,78,65,#ffffff
5fc17afe56d8113424307e22,79,65,#ffffff
5fc17afe56d8113424307e23,80,65,#ffffff
5fc17afe56d8113424307e24,81,65,#ffffff
5fc17afe56d8113424307e25,82,65,#ffffff
5fc17afe56d8113424307e26,83,65,#ffffff
5fc17afe56d8113424307e27,84,65,#ffffff
5fc17afe56d8113424307e28,85,65,#ffffff
5fc17afe56d8113424307e29,86,65,#ffffff
5fc17afe56d8113424307e2a,87,65,#ffffff
5fc17afe56d8113424307e2b,88,65,#ffffff
5fc17afe56d8113424307e2c,89,65,#ffffff
5fc17afe56d8113424307e2d,90,65,#ffffff
5fc17afe56d8113424307e2e,91,65,#ffffff
5fc17afe56d8113424307e2f,92,65,#ffffff
5fc17afe56d8113424307e30,93,65,#ffffff
5fc17afe56d8113424307e31,94,65,#ffffff
5fc17afe56d8113424307e32,95,65,#ffffff
5fc17afe56d8113424307e33,96,65,#ffffff
5fc17afe56d8113424307e34,97,65,#ffffff
5fc17afe56d8113424307e35,98,65,#ffffff
5fc17afe56d8113424307e36,99,65,#ffffff
5fc17afe56d8113424307e37,100,65,#ffffff
5fc17afe56d8113424307e38,0,66,#ffffff
5fc17afe56d8113424307e39,1,66,#ffffff
5fc17afe56d8113424307e3a,2,66,#ffffff
5fc17afe56d8113424307e3b,3,66,#ffffff
5fc17afe56d8113424307e3c,4,66,#ffffff
5fc17afe56d8113424307e3d,5,66,#ffffff
5fc17afe56d8113424307e3e,6,66,#ffffff
5fc17afe56d8113424307e3f,7,66,#ffffff
5fc17afe56d8113424307e40,8,66,#ffffff
5fc17afe56d8113424307e41,9,66,#ffffff
5fc17afe56d8113424307e42,10,66,#ffffff
5fc17afe56d8113424307e43,11,66,#ffffff
5fc17afe56d8113424307e44,12,66,#ffffff
5fc17afe56d8113424307e45,13,66,#ffffff
5fc17afe56d8113424307e46,14,66,#ffffff
5fc17afe56d8113424307e47,15,66,#ffffff
5fc17afe56d8113424307e48,16,66,#ffffff
5fc17afe56d8113424307e49,17,66,#ffffff
5fc17afe56d8113424307e4a,18,66,#ffffff
5fc17afe56d8113424307e4b,19,66,#ffffff
5fc17afe56d8113424307e4c,20,66,#ffffff
5fc17afe56d8113424307e4d,21,66,#ffffff
5fc17afe56d8113424307e4e,22,66,#ffffff
5fc17afe56d8113424307e4f,23,66,#ffffff
5fc17afe56d8113424307e50,24,66,#ffffff
5fc17afe56d8113424307e51,25,66,#ffffff
5fc17afe56d8113424307e52,26,66,#ffffff
5fc17afe56d8113424307e53,27,66,#ffffff
5fc17afe56d8113424307e54,28,66,#ffffff
5fc17afe56d8113424307e55,29,66,#ffffff
5fc17afe56d8113424307e56,30,66,#ffffff
5fc17afe56d8113424307e57,31,66,#ffffff
5fc17afe56d8113424307e58,32,66,#ffffff
5fc17afe56d8113424307e59,33,66,#ffffff
5fc17afe56d8113424307e5a,34,66,#ffffff
5fc17afe56d8113424307e5b,35,66,#ffffff
5fc17afe56d8113424307e5c,36,66,#ffffff
5fc17afe56d8113424307e5d,37,66,#ffffff
5fc17afe56d8113424307e5e,38,66,#ffffff
5fc17afe56d8113424307e5f,39,66,#ffffff
5fc17afe56d8113424307e60,40,66,#ffffff
5fc17afe56d8113424307e61,41,66,#ffffff
5fc17afe56d8113424307e62,42,66,#ffffff
5fc17afe56d8113424307e63,43,66,#ffffff
5fc17afe56d8113424307e64,44,66,#ffffff
5fc17afe56d8113424307e65,45,66,#ffffff
5fc17afe56d8113424307e66,46,66,#ffffff
5fc17afe56d8113424307e67,47,66,#ffffff
5fc17afe56d8113424307e68,48,66,#ffffff
5fc17afe56d8113424307e69,49,66,#ffffff
5fc17afe56d8113424307e6a,50,66,#ffffff
5fc17afe56d8113424307e6b,51,66,#ffffff
5fc17afe56d8113424307e6c,52,66,#ffffff
5fc17afe56d8113424307e6d,53,66,#ffffff
5fc17afe56d8113424307e6e,54,66,#ffffff
5fc17afe56d8113424307e6f,55,66,#ffffff
5fc17afe56d8113424307e70,56,66,#ffffff
5fc17afe56d8113424307e71,57,66,#ffffff
5fc17afe56d8113424307e72,58,66,#ffffff
5fc17afe56d8113424307e73,59,66,#ffffff
5fc17afe56d8113424307e74,60,66,#ffffff
5fc17afe56d8113424307e75,61,66,#ffffff
5fc17afe56d8113424307e76,62,66,#ffffff
5fc17afe56d8113424307e77,63,66,#ffffff
5fc17afe56d8113424307e78,64,66,#ffffff
5fc17afe56d8113424307e79,65,66,#ffffff
5fc17afe56d8113424307e7a,66,66,#ffffff
5fc17afe56d8113424307e7b,67,66,#ffffff
5fc17afe56d8113424307e7c,68,66,#ffffff
5fc17afe56d8113424307e7d,69,66,#ffffff
5fc17afe56d8113424307e7e,70,66,#ffffff
5fc17afe56d8113424307e7f,71,66,#ffffff
5fc17afe56d8113424307e80,72,66,#ffffff
5fc17afe56d8113424307e81,73,66,#ffffff
5fc17afe56d8113424307e82,74,66,#ffffff
5fc17afe56d8113424307e83,75,66,#ffffff
5fc17afe56d8113424307e84,76,66,#ffffff
5fc17afe56d8113424307e85,77,66,#ffffff
5fc17afe56d8113424307e86,78,66,#ffffff
5fc17afe56d8113424307e87,79,66,#ffffff
5fc17afe56d8113424307e88,80,66,#ffffff
5fc17afe56d8113424307e89,81,66,#ffffff
5fc17afe56d8113424307e8a,82,66,#ffffff
5fc17afe56d8113424307e8b,83,66,#ffffff
5fc17afe56d8113424307e8c,84,66,#ffffff
5fc17afe56d8113424307e8d,85,66,#ffffff
5fc17afe56d8113424307e8e,86,66,#ffffff
5fc17afe56d8113424307e8f,87,66,#ffffff
5fc17afe56d8113424307e90,88,66,#ffffff
5fc17afe56d8113424307e91,89,66,#ffffff
5fc17afe56d8113424307e92,90,66,#ffffff
5fc17afe56d8113424307e93,91,66,#ffffff
5fc17afe56d8113424307e94,92,66,#ffffff
5fc17afe56d8113424307e95,93,66,#ffffff
5fc17afe56d8113424307e96,94,66,#ffffff
5fc17afe56d8113424307e97,95,66,#ffffff
5fc17afe56d8113424307e98,96,66,#ffffff
5fc17afe56d8113424307e99,97,66,#ffffff
5fc17afe56d8113424307e9a,98,66,#ffffff
5fc17afe56d8113424307e9b,99,66,#ffffff
5fc17afe56d8113424307e9c,100,66,#ffffff
5fc17afe56d8113424307e9d,0,67,#ffffff
5fc17afe56d8113424307e9e,1,67,#ffffff
5fc17afe56d8113424307e9f,2,67,#ffffff
5fc17afe56d8113424307ea0,3,67,#ffffff
5fc17afe56d8113424307ea1,4,67,#ffffff
5fc17afe56d8113424307ea2,5,67,#ffffff
5fc17afe56d8113424307ea3,6,67,#ffffff
5fc17afe56d8113424307ea4,7,67,#ffffff
5fc17afe56d8113424307ea5,8,67,#ffffff
5fc17afe56d8113424307ea6,9,67,#ffffff
5fc17afe56d8113424307ea7,10,67,#ffffff
5fc17afe56d8113424307ea8,11,67,#ffffff
5fc17afe56d8113424307ea9,12,67,#ffffff
5fc17afe56d8113424307eaa,13,67,#ffffff
5fc17afe56d8113424307eab,14,67,#ffffff
5fc17afe56d8113424307eac,15,67,#ffffff
5fc17afe56d8113424307ead,16,67,#ffffff
5fc17afe56d8113424307eae,17,67,#ffffff
5fc17afe56d8113424307eaf,18,67,#ffffff
5fc17afe56d8113424307eb0,19,67,#ffffff
5fc17afe56d8113424307eb1,20,67,#ffffff
5fc17afe56d8113424307eb2,21,67,#ffffff
5fc17afe56d8113424307eb3,22,67,#ffffff
5fc17afe56d8113424307eb4,23,67,#ffffff
5fc17afe56d8113424307eb5,24,67,#ffffff
5fc17afe56d8113424307eb6,25,67,#ffffff
5fc17afe56d8113424307eb7,26,67,#ffffff
5fc17afe56d8113424307eb8,27,67,#ffffff
5fc17afe56d8113424307eb9,28,67,#ffffff
5fc17afe56d8113424307eba,29,67,#ffffff
5fc17afe56d8113424307ebb,30,67,#ffffff
5fc17afe56d8113424307ebc,31,67,#ffffff
5fc17afe56d8113424307ebd,32,67,#ffffff
5fc17afe56d8113424307ebe,33,67,#ffffff
5fc17afe56d8113424307ebf,34,67,#ffffff
5fc17afe56d8113424307ec0,35,67,#ffffff
5fc17afe56d8113424307ec1,36,67,#ffffff
5fc17afe56d8113424307ec2,37,67,#ffffff
5fc17afe56d8113424307ec3,38,67,#ffffff
5fc17afe56d8113424307ec4,39,67,#ffffff
5fc17afe56d8113424307ec5,40,67,#ffffff
5fc17afe56d8113424307ec6,41,67,#ffffff
5fc17afe56d8113424307ec7,42,67,#ffffff
5fc17afe56d8113424307ec8,43,67,#ffffff
5fc17afe56d8113424307ec9,44,67,#ffffff
5fc17afe56d8113424307eca,45,67,#ffffff
5fc17afe56d8113424307ecb,46,67,#ffffff
5fc17afe56d8113424307ecc,47,67,#ffffff
5fc17afe56d8113424307ecd,48,67,#ffffff
5fc17afe56d8113424307ece,49,67,#ffffff
5fc17afe56d8113424307ecf,50,67,#ffffff
5fc17afe56d8113424307ed0,51,67,#ffffff
5fc17afe56d8113424307ed1,52,67,#ffffff
5fc17afe56d8113424307ed2,53,67,#ffffff
5fc17afe56d8113424307ed3,54,67,#ffffff
5fc17afe56d8113424307ed4,55,67,#ffffff
5fc17afe56d8113424307ed5,56,67,#ffffff
5fc17afe56d8113424307ed6,57,67,#ffffff
5fc17afe56d8113424307ed7,58,67,#ffffff
5fc17afe56d8113424307ed8,59,67,#ffffff
5fc17afe56d8113424307ed9,60,67,#ffffff
5fc17afe56d8113424307eda,61,67,#ffffff
5fc17afe56d8113424307edb,62,67,#ffffff
5fc17afe56d8113424307edc,63,67,#ffffff
5fc17afe56d8113424307edd,64,67,#ffffff
5fc17afe56d8113424307ede,65,67,#ffffff
5fc17afe56d8113424307edf,66,67,#ffffff
5fc17afe56d8113424307ee0,67,67,#ffffff
5fc17afe56d8113424307ee1,68,67,#ffffff
5fc17afe56d8113424307ee2,69,67,#ffffff
5fc17afe56d8113424307ee3,70,67,#ffffff
5fc17afe56d8113424307ee4,71,67,#ffffff
5fc17afe56d8113424307ee5,72,67,#ffffff
5fc17afe56d8113424307ee6,73,67,#ffffff
5fc17afe56d8113424307ee7,74,67,#ffffff
5fc17afe56d8113424307ee8,75,67,#ffffff
5fc17afe56d8113424307ee9,76,67,#ffffff
5fc17afe56d8113424307eea,77,67,#ffffff
5fc17afe56d8113424307eeb,78,67,#ffffff
5fc17afe56d8113424307eec,79,67,#ffffff
5fc17afe56d8113424307eed,80,67,#ffffff
5fc17afe56d8113424307eee,81,67,#ffffff
5fc17afe56d8113424307eef,82,67,#ffffff
5fc17afe56d8113424307ef0,83,67,#ffffff
5fc17afe56d8113424307ef1,84,67,#ffffff
5fc17afe56d8113424307ef2,85,67,#ffffff
5fc17afe56d8113424307ef3,86,67,#ffffff
5fc17afe56d8113424307ef4,87,67,#ffffff
5fc17afe56d8113424307ef5,88,67,#ffffff
5fc17afe56d8113424307ef6,89,67,#ffffff
5fc17afe56d8113424307ef7,90,67,#ffffff
5fc17afe56d8113424307ef8,91,67,#ffffff
5fc17afe56d8113424307ef9,92,67,#ffffff
5fc17afe56d8113424307efa,93,67,#ffffff
5fc17afe56d8113424307efb,94,67,#ffffff
5fc17afe56d8113424307efc,95,67,#ffffff
5fc17afe56d8113424307efd,96,67,#ffffff
5fc17afe56d8113424307efe,97,67,#ffffff
5fc17afe56d8113424307eff,98,67,#ffffff
5fc17afe56d8113424307f00,99,67,#ffffff
5fc17afe56d8113424307f01,100,67,#ffffff
5fc17afe56d8113424307f02,0,68,#ffffff
5fc17afe56d8113424307f03,1,68,#ffffff
5fc17afe56d8113424307f04,2,68,#ffffff
5fc17afe56d8113424307f05,3,68,#ffffff
5fc17afe56d8113424307f06,4,68,#ffffff
5fc17afe56d8113424307f07,5,68,#ffffff
5fc17afe56d8113424307f08,6,68,#ffffff
5fc17afe56d8113424307f09,7,68,#ffffff
5fc17afe56d8113424307f0a,8,68,#ffffff
5fc17afe56d8113424307f0b,9,68,#ffffff
5fc17afe56d8113424307f0c,10,68,#ffffff
5fc17afe56d8113424307f0d,11,68,#ffffff
5fc17afe56d8113424307f0e,12,68,#ffffff
5fc17afe56d8113424307f0f,13,68,#ffffff
5fc17afe56d8113424307f10,14,68,#ffffff
5fc17afe56d8113424307f11,15,68,#ffffff
5fc17afe56d8113424307f12,16,68,#ffffff
5fc17afe56d8113424307f13,17,68,#ffffff
5fc17afe56d8113424307f14,18,68,#ffffff
5fc17afe56d8113424307f15,19,68,#ffffff
5fc17afe56d8113424307f16,20,68,#ffffff
5fc17afe56d8113424307f17,21,68,#ffffff
5fc17afe56d8113424307f18,22,68,#ffffff
5fc17afe56d8113424307f19,23,68,#ffffff
5fc17afe56d8113424307f1a,24,68,#ffffff
5fc17afe56d8113424307f1b,25,68,#ffffff
5fc17afe56d8113424307f1c,26,68,#ffffff
5fc17afe56d8113424307f1d,27,68,#ffffff
5fc17afe56d8113424307f1e,28,68,#ffffff
5fc17afe56d8113424307f1f,29,68,#ffffff
5fc17afe56d8113424307f20,30,68,#ffffff
5fc17afe56d8113424307f21,31,68,#ffffff
5fc17afe56d8113424307f22,32,68,#ffffff
5fc17afe56d8113424307f23,33,68,#ffffff
5fc17afe56d8113424307f24,34,68,#ffffff
5fc17afe56d8113424307f25,35,68,#ffffff
5fc17afe56d8113424307f26,36,68,#ffffff
5fc17afe56d8113424307f27,37,68,#ffffff
5fc17afe56d8113424307f28,38,68,#ffffff
5fc17afe56d8113424307f29,39,68,#ffffff
5fc17afe56d8113424307f2a,40,68,#ffffff
5fc17afe56d8113424307f2b,41,68,#ffffff
5fc17afe56d8113424307f2c,42,68,#ffffff
5fc17afe56d8113424307f2d,43,68,#ffffff
5fc17afe56d8113424307f2e,44,68,#ffffff
5fc17afe56d8113424307f2f,45,68,#ffffff
5fc17afe56d8113424307f30,46,68,#ffffff
5fc17afe56d8113424307f31,47,68,#ffffff
5fc17afe56d8113424307f32,48,68,#ffffff
5fc17afe56d8113424307f33,49,68,#ffffff
5fc17afe56d8113424307f34,50,68,#ffffff
5fc17afe56d8113424307f35,51,68,#ffffff
5fc17afe56d8113424307f36,52,68,#ffffff
5fc17afe56d8113424307f37,53,68,#ffffff
5fc17afe56d8113424307f38,54,68,#ffffff
5fc17afe56d8113424307f39,55,68,#ffffff
5fc17afe56d8113424307f3a,56,68,#ffffff
5fc17afe56d8113424307f3b,57,68,#ffffff
5fc17afe56d8113424307f3c,58,68,#ffffff
5fc17afe56d8113424307f3d,59,68,#ffffff
5fc17afe56d8113424307f3e,60,68,#ffffff
5fc17afe56d8113424307f3f,61,68,#ffffff
5fc17afe56d8113424307f40,62,68,#ffffff
5fc17afe56d8113424307f41,63,68,#ffffff
5fc17afe56d8113424307f42,64,68,#ffffff
5fc17afe56d8113424307f43,65,68,#ffffff
5fc17afe56d8113424307f44,66,68,#ffffff
5fc17afe56d8113424307f45,67,68,#ffffff
5fc17afe56d8113424307f46,68,68,#ffffff
5fc17afe56d8113424307f47,69,68,#ffffff
5fc17afe56d8113424307f48,70,68,#ffffff
5fc17afe56d8113424307f49,71,68,#ffffff
5fc17afe56d8113424307f4a,72,68,#ffffff
5fc17afe56d8113424307f4b,73,68,#ffffff
5fc17afe56d8113424307f4c,74,68,#ffffff
5fc17afe56d8113424307f4d,75,68,#ffffff
5fc17afe56d8113424307f4e,76,68,#ffffff
5fc17afe56d8113424307f4f,77,68,#ffffff
5fc17afe56d8113424307f50,78,68,#ffffff
5fc17afe56d8113424307f51,79,68,#ffffff
5fc17afe56d8113424307f52,80,68,#ffffff
5fc17afe56d8113424307f53,81,68,#ffffff
5fc17afe56d8113424307f54,82,68,#ffffff
5fc17afe56d8113424307f55,83,68,#ffffff
5fc17afe56d8113424307f56,84,68,#ffffff
5fc17afe56d8113424307f57,85,68,#ffffff
5fc17afe56d8113424307f58,86,68,#ffffff
5fc17afe56d8113424307f59,87,68,#ffffff
5fc17afe56d8113424307f5a,88,68,#ffffff
5fc17afe56d8113424307f5b,89,68,#ffffff
5fc17afe56d8113424307f5c,90,68,#ffffff
5fc17afe56d8113424307f5d,91,68,#ffffff
5fc17afe56d8113424307f5e,92,68,#ffffff
5fc17afe56d8113424307f5f,93,68,#ffffff
5fc17afe56d8113424307f60,94,68,#ffffff
5fc17afe56d8113424307f61,95,68,#ffffff
5fc17afe56d8113424307f62,96,68,#ffffff
5fc17afe56d8113424307f63,97,68,#ffffff
5fc17afe56d8113424307f64,98,68,#ffffff
5fc17afe56d8113424307f65,99,68,#ffffff
5fc17afe56d8113424307f66,100,68,#ffffff
5fc17afe56d8113424307f67,0,69,#ffffff
5fc17afe56d8113424307f68,1,69,#ffffff
5fc17afe56d8113424307f69,2,69,#ffffff
5fc17afe56d8113424307f6a,3,69,#ffffff
5fc17afe56d8113424307f6b,4,69,#ffffff
5fc17afe56d8113424307f6c,5,69,#ffffff
5fc17afe56d8113424307f6d,6,69,#ffffff
5fc17afe56d8113424307f6e,7,69,#ffffff
5fc17afe56d8113424307f6f,8,69,#ffffff
5fc17afe56d8113424307f70,9,69,#ffffff
5fc17afe56d8113424307f71,10,69,#ffffff
5fc17afe56d8113424307f72,11,69,#ffffff
5fc17afe56d8113424307f73,12,69,#ffffff
5fc17afe56d8113424307f74,13,69,#ffffff
5fc17afe56d8113424307f75,14,69,#ffffff
5fc17afe56d8113424307f76,15,69,#ffffff
5fc17afe56d8113424307f77,16,69,#ffffff
5fc17afe56d8113424307f78,17,69,#ffffff
5fc17afe56d8113424307f79,18,69,#ffffff
5fc17afe56d8113424307f7a,19,69,#ffffff
5fc17afe56d8113424307f7b,20,69,#ffffff
5fc17afe56d8113424307f7c,21,69,#ffffff
5fc17afe56d8113424307f7d,22,69,#ffffff
5fc17afe56d8113424307f7e,23,69,#ffffff
5fc17afe56d8113424307f7f,24,69,#ffffff
5fc17afe56d8113424307f80,25,69,#ffffff
5fc17afe56d8113424307f81,26,69,#ffffff
5fc17afe56d8113424307f82,27,69,#ffffff
5fc17afe56d8113424307f83,28,69,#ffffff
5fc17afe56d8113424307f84,29,69,#ffffff
5fc17afe56d8113424307f85,30,69,#ffffff
5fc17afe56d8113424307f86,31,69,#ffffff
5fc17afe56d8113424307f87,32,69,#ffffff
5fc17afe56d8113424307f88,33,69,#ffffff
5fc17afe56d8113424307f89,34,69,#ffffff
5fc17afe56d8113424307f8a,35,69,#ffffff
5fc17afe56d8113424307f8b,36,69,#ffffff
5fc17afe56d8113424307f8c,37,69,#ffffff
5fc17afe56d8113424307f8d,38,69,#ffffff
5fc17afe56d8113424307f8e,39,69,#ffffff
5fc17afe56d8113424307f8f,40,69,#ffffff
5fc17afe56d8113424307f90,41,69,#ffffff
5fc17afe56d8113424307f91,42,69,#ffffff
5fc17afe56d8113424307f92,43,69,#ffffff
5fc17afe56d8113424307f93,44,69,#ffffff
5fc17afe56d8113424307f94,45,69,#ffffff
5fc17afe56d8113424307f95,46,69,#ffffff
5fc17afe56d8113424307f96,47,69,#ffffff
5fc17afe56d8113424307f97,48,69,#ffffff
5fc17afe56d8113424307f98,49,69,#ffffff
5fc17afe56d8113424307f99,50,69,#ffffff
5fc17afe56d8113424307f9a,51,69,#ffffff
5fc17afe56d8113424307f9b,52,69,#ffffff
5fc17afe56d8113424307f9c,53,69,#ffffff
5fc17afe56d8113424307f9d,54,69,#ffffff
5fc17afe56d8113424307f9e,55,69,#ffffff
5fc17afe56d8113424307f9f,56,69,#ffffff
5fc17afe56d8113424307fa0,57,69,#ffffff
5fc17afe56d8113424307fa1,58,69,#ffffff
5fc17afe56d8113424307fa2,59,69,#ffffff
5fc17afe56d8113424307fa3,60,69,#ffffff
5fc17afe56d8113424307fa4,61,69,#ffffff
5fc17afe56d8113424307fa5,62,69,#ffffff
5fc17afe56d8113424307fa6,63,69,#ffffff
5fc17afe56d8113424307fa7,64,69,#ffffff
5fc17afe56d8113424307fa8,65,69,#ffffff
5fc17afe56d8113424307fa9,66,69,#ffffff
5fc17afe56d8113424307faa,67,69,#ffffff
5fc17afe56d8113424307fab,68,69,#ffffff
5fc17afe56d8113424307fac,69,69,#ffffff
5fc17afe56d8113424307fad,70,69,#ffffff
5fc17afe56d8113424307fae,71,69,#ffffff
5fc17afe56d8113424307faf,72,69,#ffffff
5fc17afe56d8113424307fb0,73,69,#ffffff
5fc17afe56d8113424307fb1,74,69,#ffffff
5fc17afe56d8113424307fb2,75,69,#ffffff
5fc17afe56d8113424307fb3,76,69,#ffffff
5fc17afe56d8113424307fb4,77,69,#ffffff
5fc17afe56d8113424307fb5,78,69,#ffffff
5fc17afe56d8113424307fb6,79,69,#ffffff
5fc17afe56d8113424307fb7,80,69,#ffffff
5fc17afe56d8113424307fb8,81,69,#ffffff
5fc17afe56d8113424307fb9,82,69,#ffffff
5fc17afe56d8113424307fba,83,69,#ffffff
5fc17afe56d8113424307fbb,84,69,#ffffff
5fc17afe56d8113424307fbc,85,69,#ffffff
5fc17afe56d8113424307fbd,86,69,#ffffff
5fc17afe56d8113424307fbe,87,69,#ffffff
5fc17afe56d8113424307fbf,88,69,#ffffff
5fc17afe56d8113424307fc0,89,69,#ffffff
5fc17afe56d8113424307fc1,90,69,#ffffff
5fc17afe56d8113424307fc2,91,69,#ffffff
5fc17afe56d8113424307fc3,92,69,#ffffff
5fc17afe56d8113424307fc4,93,69,#ffffff
5fc17afe56d8113424307fc5,94,69,#ffffff
5fc17afe56d8113424307fc6,95,69,#ffffff
5fc17afe56d8113424307fc7,96,69,#ffffff
5fc17afe56d8113424307fc8,97,69,#ffffff
5fc17afe56d8113424307fc9,98,69,#ffffff
5fc17afe56d8113424307fca,99,69,#ffffff
5fc17afe56d8113424307fcb,100,69,#ffffff
5fc17afe56d8113424307fcc,0,70,#ffffff
5fc17afe56d8113424307fcd,1,70,#ffffff
5fc17afe56d8113424307fce,2,70,#ffffff
5fc17afe56d8113424307fcf,3,70,#ffffff
5fc17afe56d8113424307fd0,4,70,#ffffff
5fc17afe56d8113424307fd1,5,70,#ffffff
5fc17afe56d8113424307fd2,6,70,#ffffff
5fc17afe56d8113424307fd3,7,70,#ffffff
5fc17afe56d8113424307fd4,8,70,#ffffff
5fc17afe56d8113424307fd5,9,70,#ffffff
5fc17afe56d8113424307fd6,10,70,#ffffff
5fc17afe56d8113424307fd7,11,70,#ffffff
5fc17afe56d8113424307fd8,12,70,#ffffff
5fc17afe56d8113424307fd9,13,70,#ffffff
5fc17afe56d8113424307fda,14,70,#ffffff
5fc17afe56d8113424307fdb,15,70,#ffffff
5fc17afe56d8113424307fdc,16,70,#ffffff
5fc17afe56d8113424307fdd,17,70,#ffffff
5fc17afe56d8113424307fde,18,70,#ffffff
5fc17afe56d8113424307fdf,19,70,#ffffff
5fc17afe56d8113424307fe0,20,70,#ffffff
5fc17afe56d8113424307fe1,21,70,#ffffff
5fc17afe56d8113424307fe2,22,70,#ffffff
5fc17afe56d8113424307fe3,23,70,#ffffff
5fc17afe56d8113424307fe4,24,70,#ffffff
5fc17afe56d8113424307fe5,25,70,#ffffff
5fc17afe56d8113424307fe6,26,70,#ffffff
5fc17afe56d8113424307fe7,27,70,#ffffff
5fc17afe56d8113424307fe8,28,70,#ffffff
5fc17afe56d8113424307fe9,29,70,#ffffff
5fc17afe56d8113424307fea,30,70,#ffffff
5fc17afe56d8113424307feb,31,70,#ffffff
5fc17afe56d8113424307fec,32,70,#ffffff
5fc17afe56d8113424307fed,33,70,#ffffff
5fc17afe56d8113424307fee,34,70,#ffffff
5fc17afe56d8113424307fef,35,70,#ffffff
5fc17afe56d8113424307ff0,36,70,#ffffff
5fc17afe56d8113424307ff1,37,70,#ffffff
5fc17afe56d8113424307ff2,38,70,#ffffff
5fc17afe56d8113424307ff3,39,70,#ffffff
5fc17afe56d8113424307ff4,40,70,#ffffff
5fc17afe56d8113424307ff5,41,70,#ffffff
5fc17afe56d8113424307ff6,42,70,#ffffff
5fc17afe56d8113424307ff7,43,70,#ffffff
5fc17afe56d8113424307ff8,44,70,#ffffff
5fc17afe56d8113424307ff9,45,70,#ffffff
5fc17afe56d8113424307ffa,46,70,#ffffff
5fc17afe56d8113424307ffb,47,70,#ffffff
5fc17afe56d8113424307ffc,48,70,#ffffff
5fc17afe56d8113424307ffd,49,70,#ffffff
5fc17afe56d8113424307ffe,50,70,#ffffff
5fc17afe56d8113424307fff,51,70,#ffffff
5fc17afe56d8113424308000,52,70,#ffffff
5fc17afe56d8113424308001,53,70,#ffffff
5fc17afe56d8113424308002,54,70,#ffffff
5fc17afe56d8113424308003,55,70,#ffffff
5fc17afe56d8113424308004,56,70,#ffffff
5fc17afe56d8113424308005,57,70,#ffffff
5fc17afe56d8113424308006,58,70,#ffffff
5fc17afe56d8113424308007,59,70,#ffffff
5fc17afe56d8113424308008,60,70,#ffffff
5fc17afe56d8113424308009,61,70,#ffffff
5fc17afe56d811342430800a,62,70,#ffffff
5fc17afe56d811342430800b,63,70,#ffffff
5fc17afe56d811342430800c,64,70,#ffffff
5fc17afe56d811342430800d,65,70,#ffffff
5fc17afe56d811342430800e,66,70,#ffffff
5fc17afe56d811342430800f,67,70,#ffffff
5fc17afe56d8113424308010,68,70,#ffffff
5fc17afe56d8113424308011,69,70,#ffffff
5fc17afe56d8113424308012,70,70,#ffffff
5fc17afe56d8113424308013,71,70,#ffffff
5fc17afe56d8113424308014,72,70,#ffffff
5fc17afe56d8113424308015,73,70,#ffffff
5fc17afe56d8113424308016,74,70,#ffffff
5fc17afe56d8113424308017,75,70,#ffffff
5fc17afe56d8113424308018,76,70,#ffffff
5fc17afe56d8113424308019,77,70,#ffffff
5fc17afe56d811342430801a,78,70,#ffffff
5fc17afe56d811342430801b,79,70,#ffffff
5fc17afe56d811342430801c,80,70,#ffffff
5fc17afe56d811342430801d,81,70,#ffffff
5fc17afe56d811342430801e,82,70,#ffffff
5fc17afe56d811342430801f,83,70,#ffffff
5fc17afe56d8113424308020,84,70,#ffffff
5fc17afe56d8113424308021,85,70,#ffffff
5fc17afe56d8113424308022,86,70,#ffffff
5fc17afe56d8113424308023,87,70,#ffffff
5fc17afe56d8113424308024,88,70,#ffffff
5fc17afe56d8113424308025,89,70,#ffffff
5fc17afe56d8113424308026,90,70,#ffffff
5fc17afe56d8113424308027,91,70,#ffffff
5fc17afe56d8113424308028,92,70,#ffffff
5fc17afe56d8113424308029,93,70,#ffffff
5fc17afe56d811342430802a,94,70,#ffffff
5fc17afe56d811342430802b,95,70,#ffffff
5fc17afe56d811342430802c,96,70,#ffffff
5fc17afe56d811342430802d,97,70,#ffffff
5fc17afe56d811342430802e,98,70,#ffffff
5fc17afe56d811342430802f,99,70,#ffffff
5fc17afe56d8113424308030,100,70,#ffffff
5fc17afe56d8113424308031,0,71,#ffffff
5fc17afe56d8113424308032,1,71,#ffffff
5fc17afe56d8113424308033,2,71,#ffffff
5fc17afe56d8113424308034,3,71,#ffffff
5fc17afe56d8113424308035,4,71,#ffffff
5fc17afe56d8113424308036,5,71,#ffffff
5fc17afe56d8113424308037,6,71,#ffffff
5fc17afe56d8113424308038,7,71,#ffffff
5fc17afe56d8113424308039,8,71,#ffffff
5fc17afe56d811342430803a,9,71,#ffffff
5fc17afe56d811342430803b,10,71,#ffffff
5fc17afe56d811342430803c,11,71,#ffffff
5fc17afe56d811342430803d,12,71,#ffffff
5fc17afe56d811342430803e,13,71,#ffffff
5fc17afe56d811342430803f,14,71,#ffffff
5fc17afe56d8113424308040,15,71,#ffffff
5fc17afe56d8113424308041,16,71,#ffffff
5fc17afe56d8113424308042,17,71,#ffffff
5fc17afe56d8113424308043,18,71,#ffffff
5fc17afe56d8113424308044,19,71,#ffffff
5fc17afe56d8113424308045,20,71,#ffffff
5fc17afe56d8113424308046,21,71,#ffffff
5fc17afe56d8113424308047,22,71,#ffffff
5fc17afe56d8113424308048,23,71,#ffffff
5fc17afe56d8113424308049,24,71,#ffffff
5fc17afe56d811342430804a,25,71,#ffffff
5fc17afe56d811342430804b,26,71,#ffffff
5fc17afe56d811342430804c,27,71,#ffffff
5fc17afe56d811342430804d,28,71,#ffffff
5fc17afe56d811342430804e,29,71,#ffffff
5fc17afe56d811342430804f,30,71,#ffffff
5fc17afe56d8113424308050,31,71,#ffffff
5fc17afe56d8113424308051,32,71,#ffffff
5fc17afe56d8113424308052,33,71,#ffffff
5fc17afe56d8113424308053,34,71,#ffffff
5fc17afe56d8113424308054,35,71,#ffffff
5fc17afe56d8113424308055,36,71,#ffffff
5fc17afe56d8113424308056,37,71,#ffffff
5fc17afe56d8113424308057,38,71,#ffffff
5fc17afe56d8113424308058,39,71,#ffffff
5fc17afe56d8113424308059,40,71,#ffffff
5fc17afe56d811342430805a,41,71,#ffffff
5fc17afe56d811342430805b,42,71,#ffffff
5fc17afe56d811342430805c,43,71,#ffffff
5fc17afe56d811342430805d,44,71,#ffffff
5fc17afe56d811342430805e,45,71,#ffffff
5fc17afe56d811342430805f,46,71,#ffffff
5fc17afe56d8113424308060,47,71,#ffffff
5fc17afe56d8113424308061,48,71,#ffffff
5fc17afe56d8113424308062,49,71,#ffffff
5fc17afe56d8113424308063,50,71,#ffffff
5fc17afe56d8113424308064,51,71,#ffffff
5fc17afe56d8113424308065,52,71,#ffffff
5fc17afe56d8113424308066,53,71,#ffffff
5fc17afe56d8113424308067,54,71,#ffffff
5fc17afe56d8113424308068,55,71,#ffffff
5fc17afe56d8113424308069,56,71,#ffffff
5fc17afe56d811342430806a,57,71,#ffffff
5fc17afe56d811342430806b,58,71,#ffffff
5fc17afe56d811342430806c,59,71,#ffffff
5fc17afe56d811342430806d,60,71,#ffffff
5fc17afe56d811342430806e,61,71,#ffffff
5fc17afe56d811342430806f,62,71,#ffffff
5fc17afe56d8113424308070,63,71,#ffffff
5fc17afe56d8113424308071,64,71,#ffffff
5fc17afe56d8113424308072,65,71,#ffffff
5fc17afe56d8113424308073,66,71,#ffffff
5fc17afe56d8113424308074,67,71,#ffffff
5fc17afe56d8113424308075,68,71,#ffffff
5fc17afe56d8113424308076,69,71,#ffffff
5fc17afe56d8113424308077,70,71,#ffffff
5fc17afe56d8113424308078,71,71,#ffffff
5fc17afe56d8113424308079,72,71,#ffffff
5fc17afe56d811342430807a,73,71,#ffffff
5fc17afe56d811342430807b,74,71,#ffffff
5fc17afe56d811342430807c,75,71,#ffffff
5fc17afe56d811342430807d,76,71,#ffffff
5fc17afe56d811342430807e,77,71,#ffffff
5fc17afe56d811342430807f,78,71,#ffffff
5fc17afe56d8113424308080,79,71,#ffffff
5fc17afe56d8113424308081,80,71,#ffffff
5fc17afe56d8113424308082,81,71,#ffffff
5fc17afe56d8113424308083,82,71,#ffffff
5fc17afe56d8113424308084,83,71,#ffffff
5fc17afe56d8113424308085,84,71,#ffffff
5fc17afe56d8113424308086,85,71,#ffffff
5fc17afe56d8113424308087,86,71,#ffffff
5fc17afe56d8113424308088,87,71,#ffffff
5fc17afe56d8113424308089,88,71,#ffffff
5fc17afe56d811342430808a,89,71,#ffffff
5fc17afe56d811342430808b,90,71,#ffffff
5fc17afe56d811342430808c,91,71,#ffffff
5fc17afe56d811342430808d,92,71,#ffffff
5fc17afe56d811342430808e,93,71,#ffffff
5fc17afe56d811342430808f,94,71,#ffffff
5fc17afe56d8113424308090,95,71,#ffffff
5fc17afe56d8113424308091,96,71,#ffffff
5fc17afe56d8113424308092,97,71,#ffffff
5fc17afe56d8113424308093,98,71,#ffffff
5fc17afe56d8113424308094,99,71,#ffffff
5fc17afe56d8113424308095,100,71,#ffffff
5fc17afe56d8113424308096,0,72,#ffffff
5fc17afe56d8113424308097,1,72,#ffffff
5fc17afe56d8113424308098,2,72,#ffffff
5fc17afe56d8113424308099,3,72,#ffffff
5fc17afe56d811342430809a,4,72,#ffffff
5fc17afe56d811342430809b,5,72,#ffffff
5fc17afe56d811342430809c,6,72,#ffffff
5fc17afe56d811342430809d,7,72,#ffffff
5fc17afe56d811342430809e,8,72,#ffffff
5fc17afe56d811342430809f,9,72,#ffffff
5fc17afe56d81134243080a0,10,72,#ffffff
5fc17afe56d81134243080a1,11,72,#ffffff
5fc17afe56d81134243080a2,12,72,#ffffff
5fc17afe56d81134243080a3,13,72,#ffffff
5fc17afe56d81134243080a4,14,72,#ffffff
5fc17afe56d81134243080a5,15,72,#ffffff
5fc17afe56d81134243080a6,16,72,#ffffff
5fc17afe56d81134243080a7,17,72,#ffffff
5fc17afe56d81134243080a8,18,72,#ffffff
5fc17afe56d81134243080a9,19,72,#ffffff
5fc17afe56d81134243080aa,20,72,#ffffff
5fc17afe56d81134243080ab,21,72,#ffffff
5fc17afe56d81134243080ac,22,72,#ffffff
5fc17afe56d81134243080ad,23,72,#ffffff
5fc17afe56d81134243080ae,24,72,#ffffff
5fc17afe56d81134243080af,25,72,#ffffff
5fc17afe56d81134243080b0,26,72,#ffffff
5fc17afe56d81134243080b1,27,72,#ffffff
5fc17afe56d81134243080b2,28,72,#ffffff
5fc17afe56d81134243080b3,29,72,#ffffff
5fc17afe56d81134243080b4,30,72,#ffffff
5fc17afe56d81134243080b5,31,72,#ffffff
5fc17afe56d81134243080b6,32,72,#ffffff
5fc17afe56d81134243080b7,33,72,#ffffff
5fc17afe56d81134243080b8,34,72,#ffffff
5fc17afe56d81134243080b9,35,72,#ffffff
5fc17afe56d81134243080ba,36,72,#ffffff
5fc17afe56d81134243080bb,37,72,#ffffff
5fc17afe56d81134243080bc,38,72,#ffffff
5fc17afe56d81134243080bd,39,72,#ffffff
5fc17afe56d81134243080be,40,72,#ffffff
5fc17afe56d81134243080bf,41,72,#ffffff
5fc17afe56d81134243080c0,42,72,#ffffff
5fc17afe56d81134243080c1,43,72,#ffffff
5fc17afe56d81134243080c2,44,72,#ffffff
5fc17afe56d81134243080c3,45,72,#ffffff
5fc17afe56d81134243080c4,46,72,#ffffff
5fc17afe56d81134243080c5,47,72,#ffffff
5fc17afe56d81134243080c6,48,72,#ffffff
5fc17afe56d81134243080c7,49,72,#ffffff
5fc17afe56d81134243080c8,50,72,#ffffff
5fc17afe56d81134243080c9,51,72,#ffffff
5fc17afe56d81134243080ca,52,72,#ffffff
5fc17afe56d81134243080cb,53,72,#ffffff
5fc17afe56d81134243080cc,54,72,#ffffff
5fc17afe56d81134243080cd,55,72,#ffffff
5fc17afe56d81134243080ce,56,72,#ffffff
5fc17afe56d81134243080cf,57,72,#ffffff
5fc17afe56d81134243080d0,58,72,#ffffff
5fc17afe56d81134243080d1,59,72,#ffffff
5fc17afe56d81134243080d2,60,72,#ffffff
5fc17afe56d81134243080d3,61,72,#ffffff
5fc17afe56d81134243080d4,62,72,#ffffff
5fc17afe56d81134243080d5,63,72,#ffffff
5fc17afe56d81134243080d6,64,72,#ffffff
5fc17afe56d81134243080d7,65,72,#ffffff
5fc17afe56d81134243080d8,66,72,#ffffff
5fc17afe56d81134243080d9,67,72,#ffffff
5fc17afe56d81134243080da,68,72,#ffffff
5fc17afe56d81134243080db,69,72,#ffffff
5fc17afe56d81134243080dc,70,72,#ffffff
5fc17afe56d81134243080dd,71,72,#ffffff
5fc17afe56d81134243080de,72,72,#ffffff
5fc17afe56d81134243080df,73,72,#ffffff
5fc17afe56d81134243080e0,74,72,#ffffff
5fc17afe56d81134243080e1,75,72,#ffffff
5fc17afe56d81134243080e2,76,72,#ffffff
5fc17afe56d81134243080e3,77,72,#ffffff
5fc17afe56d81134243080e4,78,72,#ffffff
5fc17afe56d81134243080e5,79,72,#ffffff
5fc17afe56d81134243080e6,80,72,#ffffff
5fc17afe56d81134243080e7,81,72,#ffffff
5fc17afe56d81134243080e8,82,72,#ffffff
5fc17afe56d81134243080e9,83,72,#ffffff
5fc17afe56d81134243080ea,84,72,#ffffff
5fc17afe56d81134243080eb,85,72,#ffffff
5fc17afe56d81134243080ec,86,72,#ffffff
5fc17afe56d81134243080ed,87,72,#ffffff
5fc17afe56d81134243080ee,88,72,#ffffff
5fc17afe56d81134243080ef,89,72,#ffffff
5fc17afe56d81134243080f0,90,72,#ffffff
5fc17afe56d81134243080f1,91,72,#ffffff
5fc17afe56d81134243080f2,92,72,#ffffff
5fc17afe56d81134243080f3,93,72,#ffffff
5fc17afe56d81134243080f4,94,72,#ffffff
5fc17afe56d81134243080f5,95,72,#ffffff
5fc17afe56d81134243080f6,96,72,#ffffff
5fc17afe56d81134243080f7,97,72,#ffffff
5fc17afe56d81134243080f8,98,72,#ffffff
5fc17afe56d81134243080f9,99,72,#ffffff
5fc17afe56d81134243080fa,100,72,#ffffff
5fc17afe56d81134243080fb,0,73,#ffffff
5fc17afe56d81134243080fc,1,73,#ffffff
5fc17afe56d81134243080fd,2,73,#ffffff
5fc17afe56d81134243080fe,3,73,#ffffff
5fc17afe56d81134243080ff,4,73,#ffffff
5fc17afe56d8113424308100,5,73,#ffffff
5fc17afe56d8113424308101,6,73,#ffffff
5fc17afe56d8113424308102,7,73,#ffffff
5fc17afe56d8113424308103,8,73,#ffffff
5fc17afe56d8113424308104,9,73,#ffffff
5fc17afe56d8113424308105,10,73,#ffffff
5fc17afe56d8113424308106,11,73,#ffffff
5fc17afe56d8113424308107,12,73,#ffffff
5fc17afe56d8113424308108,13,73,#ffffff
5fc17afe56d8113424308109,14,73,#ffffff
5fc17afe56d811342430810a,15,73,#ffffff
5fc17afe56d811342430810b,16,73,#ffffff
5fc17afe56d811342430810c,17,73,#ffffff
5fc17afe56d811342430810d,18,73,#ffffff
5fc17afe56d811342430810e,19,73,#ffffff
5fc17afe56d811342430810f,20,73,#ffffff
5fc17afe56d8113424308110,21,73,#ffffff
5fc17afe56d8113424308111,22,73,#ffffff
5fc17afe56d8113424308112,23,73,#ffffff
5fc17afe56d8113424308113,24,73,#ffffff
5fc17afe56d8113424308114,25,73,#ffffff
5fc17afe56d8113424308115,26,73,#ffffff
5fc17afe56d8113424308116,27,73,#ffffff
5fc17afe56d8113424308117,28,73,#ffffff
5fc17afe56d8113424308118,29,73,#ffffff
5fc17afe56d8113424308119,30,73,#ffffff
5fc17afe56d811342430811a,31,73,#ffffff
5fc17afe56d811342430811b,32,73,#ffffff
5fc17afe56d811342430811c,33,73,#ffffff
5fc17afe56d811342430811d,34,73,#ffffff
5fc17afe56d811342430811e,35,73,#ffffff
5fc17afe56d811342430811f,36,73,#ffffff
5fc17afe56d8113424308120,37,73,#ffffff
5fc17afe56d8113424308121,38,73,#ffffff
5fc17afe56d8113424308122,39,73,#ffffff
5fc17afe56d8113424308123,40,73,#ffffff
5fc17afe56d8113424308124,41,73,#ffffff
5fc17afe56d8113424308125,42,73,#ffffff
5fc17afe56d8113424308126,43,73,#ffffff
5fc17afe56d8113424308127,44,73,#ffffff
5fc17afe56d8113424308128,45,73,#ffffff
5fc17afe56d8113424308129,46,73,#ffffff
5fc17afe56d811342430812a,47,73,#ffffff
5fc17afe56d811342430812b,48,73,#ffffff
5fc17afe56d811342430812c,49,73,#ffffff
5fc17afe56d811342430812d,50,73,#ffffff
5fc17afe56d811342430812e,51,73,#ffffff
5fc17afe56d811342430812f,52,73,#ffffff
5fc17afe56d8113424308130,53,73,#ffffff
5fc17afe56d8113424308131,54,73,#ffffff
5fc17afe56d8113424308132,55,73,#ffffff
5fc17afe56d8113424308133,56,73,#ffffff
5fc17afe56d8113424308134,57,73,#ffffff
5fc17afe56d8113424308135,58,73,#ffffff
5fc17afe56d8113424308136,59,73,#ffffff
5fc17afe56d8113424308137,60,73,#ffffff
5fc17afe56d8113424308138,61,73,#ffffff
5fc17afe56d8113424308139,62,73,#ffffff
5fc17afe56d811342430813a,63,73,#ffffff
5fc17afe56d811342430813b,64,73,#ffffff
5fc17afe56d811342430813c,65,73,#ffffff
5fc17afe56d811342430813d,66,73,#ffffff
5fc17afe56d811342430813e,67,73,#ffffff
5fc17afe56d811342430813f,68,73,#ffffff
5fc17afe56d8113424308140,69,73,#ffffff
5fc17afe56d8113424308141,70,73,#ffffff
5fc17afe56d8113424308142,71,73,#ffffff
5fc17afe56d8113424308143,72,73,#ffffff
5fc17afe56d8113424308144,73,73,#ffffff
5fc17afe56d8113424308145,74,73,#ffffff
5fc17afe56d8113424308146,75,73,#ffffff
5fc17afe56d8113424308147,76,73,#ffffff
5fc17afe56d8113424308148,77,73,#ffffff
5fc17afe56d8113424308149,78,73,#ffffff
5fc17afe56d811342430814a,79,73,#ffffff
5fc17afe56d811342430814b,80,73,#ffffff
5fc17afe56d811342430814c,81,73,#ffffff
5fc17afe56d811342430814d,82,73,#ffffff
5fc17afe56d811342430814e,83,73,#ffffff
5fc17afe56d811342430814f,84,73,#ffffff
5fc17afe56d8113424308150,85,73,#ffffff
5fc17afe56d8113424308151,86,73,#ffffff
5fc17afe56d8113424308152,87,73,#ffffff
5fc17afe56d8113424308153,88,73,#ffffff
5fc17afe56d8113424308154,89,73,#ffffff
5fc17afe56d8113424308155,90,73,#ffffff
5fc17afe56d8113424308156,91,73,#ffffff
5fc17afe56d8113424308157,92,73,#ffffff
5fc17afe56d8113424308158,93,73,#ffffff
5fc17afe56d8113424308159,94,73,#ffffff
5fc17afe56d811342430815a,95,73,#ffffff
5fc17afe56d811342430815b,96,73,#ffffff
5fc17afe56d811342430815c,97,73,#ffffff
5fc17afe56d811342430815d,98,73,#ffffff
5fc17afe56d811342430815e,99,73,#ffffff
5fc17afe56d811342430815f,100,73,#ffffff
5fc17afe56d8113424308160,0,74,#ffffff
5fc17afe56d8113424308161,1,74,#ffffff
5fc17afe56d8113424308162,2,74,#ffffff
5fc17afe56d8113424308163,3,74,#ffffff
5fc17afe56d8113424308164,4,74,#ffffff
5fc17afe56d8113424308165,5,74,#ffffff
5fc17afe56d8113424308166,6,74,#ffffff
5fc17afe56d8113424308167,7,74,#ffffff
5fc17afe56d8113424308168,8,74,#ffffff
5fc17afe56d8113424308169,9,74,#ffffff
5fc17afe56d811342430816a,10,74,#ffffff
5fc17afe56d811342430816b,11,74,#ffffff
5fc17afe56d811342430816c,12,74,#ffffff
5fc17afe56d811342430816d,13,74,#ffffff
5fc17afe56d811342430816e,14,74,#ffffff
5fc17afe56d811342430816f,15,74,#ffffff
5fc17afe56d8113424308170,16,74,#ffffff
5fc17afe56d8113424308171,17,74,#ffffff
5fc17afe56d8113424308172,18,74,#ffffff
5fc17afe56d8113424308173,19,74,#ffffff
5fc17afe56d8113424308174,20,74,#ffffff
5fc17afe56d8113424308175,21,74,#ffffff
5fc17afe56d8113424308176,22,74,#ffffff
5fc17afe56d8113424308177,23,74,#ffffff
5fc17afe56d8113424308178,24,74,#ffffff
5fc17afe56d8113424308179,25,74,#ffffff
5fc17afe56d811342430817a,26,74,#ffffff
5fc17afe56d811342430817b,27,74,#ffffff
5fc17afe56d811342430817c,28,74,#ffffff
5fc17afe56d811342430817d,29,74,#ffffff
5fc17afe56d811342430817f,31,74,#ffffff
5fc17afe56d8113424308180,32,74,#ffffff
5fc17afe56d811342430817e,30,74,#ffffff
5fc17afe56d8113424308181,33,74,#ffffff
5fc17afe56d8113424308182,34,74,#ffffff
5fc17afe56d8113424308183,35,74,#ffffff
5fc17afe56d8113424308184,36,74,#ffffff
5fc17afe56d8113424308185,37,74,#ffffff
5fc17afe56d8113424308186,38,74,#ffffff
5fc17afe56d8113424308187,39,74,#ffffff
5fc17afe56d8113424308188,40,74,#ffffff
5fc17afe56d8113424308189,41,74,#ffffff
5fc17afe56d811342430818a,42,74,#ffffff
5fc17afe56d811342430818b,43,74,#ffffff
5fc17afe56d811342430818c,44,74,#ffffff
5fc17afe56d811342430818d,45,74,#ffffff
5fc17afe56d811342430818e,46,74,#ffffff
5fc17afe56d811342430818f,47,74,#ffffff
5fc17afe56d8113424308190,48,74,#ffffff
5fc17afe56d8113424308191,49,74,#ffffff
5fc17afe56d8113424308192,50,74,#ffffff
5fc17afe56d8113424308193,51,74,#ffffff
5fc17afe56d8113424308194,52,74,#ffffff
5fc17afe56d8113424308195,53,74,#ffffff
5fc17afe56d8113424308196,54,74,#ffffff
5fc17afe56d8113424308197,55,74,#ffffff
5fc17afe56d8113424308198,56,74,#ffffff
5fc17afe56d8113424308199,57,74,#ffffff
5fc17afe56d811342430819a,58,74,#ffffff
5fc17afe56d811342430819b,59,74,#ffffff
5fc17afe56d811342430819c,60,74,#ffffff
5fc17afe56d811342430819d,61,74,#ffffff
5fc17afe56d811342430819e,62,74,#ffffff
5fc17afe56d811342430819f,63,74,#ffffff
5fc17afe56d81134243081a0,64,74,#ffffff
5fc17afe56d81134243081a1,65,74,#ffffff
5fc17afe56d81134243081a2,66,74,#ffffff
5fc17afe56d81134243081a3,67,74,#ffffff
5fc17afe56d81134243081a4,68,74,#ffffff
5fc17afe56d81134243081a5,69,74,#ffffff
5fc17afe56d81134243081a6,70,74,#ffffff
5fc17afe56d81134243081a7,71,74,#ffffff
5fc17afe56d81134243081a8,72,74,#ffffff
5fc17afe56d81134243081a9,73,74,#ffffff
5fc17afe56d81134243081aa,74,74,#ffffff
5fc17afe56d81134243081ab,75,74,#ffffff
5fc17afe56d81134243081ac,76,74,#ffffff
5fc17afe56d81134243081ad,77,74,#ffffff
5fc17afe56d81134243081ae,78,74,#ffffff
5fc17afe56d81134243081af,79,74,#ffffff
5fc17afe56d81134243081b0,80,74,#ffffff
5fc17afe56d81134243081b1,81,74,#ffffff
5fc17afe56d81134243081b2,82,74,#ffffff
5fc17afe56d81134243081b3,83,74,#ffffff
5fc17afe56d81134243081b4,84,74,#ffffff
5fc17afe56d81134243081b5,85,74,#ffffff
5fc17afe56d81134243081b6,86,74,#ffffff
5fc17afe56d81134243081b7,87,74,#ffffff
5fc17afe56d81134243081b8,88,74,#ffffff
5fc17afe56d81134243081b9,89,74,#ffffff
5fc17afe56d81134243081ba,90,74,#ffffff
5fc17afe56d81134243081bb,91,74,#ffffff
5fc17afe56d81134243081bc,92,74,#ffffff
5fc17afe56d81134243081bd,93,74,#ffffff
5fc17afe56d81134243081be,94,74,#ffffff
5fc17afe56d81134243081bf,95,74,#ffffff
5fc17afe56d81134243081c0,96,74,#ffffff
5fc17afe56d81134243081c1,97,74,#ffffff
5fc17afe56d81134243081c2,98,74,#ffffff
5fc17afe56d81134243081c3,99,74,#ffffff
5fc17afe56d81134243081c4,100,74,#ffffff
5fc17afe56d81134243081c5,0,75,#ffffff
5fc17afe56d81134243081c6,1,75,#ffffff
5fc17afe56d81134243081c7,2,75,#ffffff
5fc17afe56d81134243081c8,3,75,#ffffff
5fc17afe56d81134243081c9,4,75,#ffffff
5fc17afe56d81134243081ca,5,75,#ffffff
5fc17afe56d81134243081cb,6,75,#ffffff
5fc17afe56d81134243081cc,7,75,#ffffff
5fc17afe56d81134243081cd,8,75,#ffffff
5fc17afe56d81134243081ce,9,75,#ffffff
5fc17afe56d81134243081cf,10,75,#ffffff
5fc17afe56d81134243081d0,11,75,#ffffff
5fc17afe56d81134243081d1,12,75,#ffffff
5fc17afe56d81134243081d2,13,75,#ffffff
5fc17afe56d81134243081d3,14,75,#ffffff
5fc17afe56d81134243081d4,15,75,#ffffff
5fc17afe56d81134243081d5,16,75,#ffffff
5fc17afe56d81134243081d6,17,75,#ffffff
5fc17afe56d81134243081d7,18,75,#ffffff
5fc17afe56d81134243081d8,19,75,#ffffff
5fc17afe56d81134243081d9,20,75,#ffffff
5fc17afe56d81134243081da,21,75,#ffffff
5fc17afe56d81134243081db,22,75,#ffffff
5fc17afe56d81134243081dc,23,75,#ffffff
5fc17afe56d81134243081dd,24,75,#ffffff
5fc17afe56d81134243081de,25,75,#ffffff
5fc17afe56d81134243081df,26,75,#ffffff
5fc17afe56d81134243081e0,27,75,#ffffff
5fc17afe56d81134243081e1,28,75,#ffffff
5fc17afe56d81134243081e2,29,75,#ffffff
5fc17afe56d81134243081e3,30,75,#ffffff
5fc17afe56d81134243081e4,31,75,#ffffff
5fc17afe56d81134243081e5,32,75,#ffffff
5fc17afe56d81134243081e6,33,75,#ffffff
5fc17afe56d81134243081e7,34,75,#ffffff
5fc17afe56d81134243081e8,35,75,#ffffff
5fc17afe56d81134243081e9,36,75,#ffffff
5fc17afe56d81134243081ea,37,75,#ffffff
5fc17afe56d81134243081eb,38,75,#ffffff
5fc17afe56d81134243081ec,39,75,#ffffff
5fc17afe56d81134243081ed,40,75,#ffffff
5fc17afe56d81134243081ee,41,75,#ffffff
5fc17afe56d81134243081ef,42,75,#ffffff
5fc17afe56d81134243081f0,43,75,#ffffff
5fc17afe56d81134243081f1,44,75,#ffffff
5fc17afe56d81134243081f2,45,75,#ffffff
5fc17afe56d81134243081f3,46,75,#ffffff
5fc17afe56d81134243081f4,47,75,#ffffff
5fc17afe56d81134243081f5,48,75,#ffffff
5fc17afe56d81134243081f6,49,75,#ffffff
5fc17afe56d81134243081f7,50,75,#ffffff
5fc17afe56d81134243081f8,51,75,#ffffff
5fc17afe56d81134243081f9,52,75,#ffffff
5fc17afe56d81134243081fa,53,75,#ffffff
5fc17afe56d81134243081fb,54,75,#ffffff
5fc17afe56d81134243081fc,55,75,#ffffff
5fc17afe56d81134243081fd,56,75,#ffffff
5fc17afe56d81134243081fe,57,75,#ffffff
5fc17afe56d81134243081ff,58,75,#ffffff
5fc17afe56d8113424308200,59,75,#ffffff
5fc17afe56d8113424308201,60,75,#ffffff
5fc17afe56d8113424308202,61,75,#ffffff
5fc17afe56d8113424308203,62,75,#ffffff
5fc17afe56d8113424308204,63,75,#ffffff
5fc17afe56d8113424308205,64,75,#ffffff
5fc17afe56d8113424308206,65,75,#ffffff
5fc17afe56d8113424308207,66,75,#ffffff
5fc17afe56d8113424308208,67,75,#ffffff
5fc17afe56d8113424308209,68,75,#ffffff
5fc17afe56d811342430820a,69,75,#ffffff
5fc17afe56d811342430820b,70,75,#ffffff
5fc17afe56d811342430820c,71,75,#ffffff
5fc17afe56d811342430820d,72,75,#ffffff
5fc17afe56d811342430820e,73,75,#ffffff
5fc17afe56d811342430820f,74,75,#ffffff
5fc17afe56d8113424308210,75,75,#ffffff
5fc17afe56d8113424308211,76,75,#ffffff
5fc17afe56d8113424308212,77,75,#ffffff
5fc17afe56d8113424308213,78,75,#ffffff
5fc17afe56d8113424308214,79,75,#ffffff
5fc17afe56d8113424308215,80,75,#ffffff
5fc17afe56d8113424308216,81,75,#ffffff
5fc17afe56d8113424308217,82,75,#ffffff
5fc17afe56d8113424308218,83,75,#ffffff
5fc17afe56d8113424308219,84,75,#ffffff
5fc17afe56d811342430821a,85,75,#ffffff
5fc17afe56d811342430821b,86,75,#ffffff
5fc17afe56d811342430821c,87,75,#ffffff
5fc17afe56d811342430821d,88,75,#ffffff
5fc17afe56d811342430821e,89,75,#ffffff
5fc17afe56d811342430821f,90,75,#ffffff
5fc17afe56d8113424308220,91,75,#ffffff
5fc17afe56d8113424308221,92,75,#ffffff
5fc17afe56d8113424308222,93,75,#ffffff
5fc17afe56d8113424308223,94,75,#ffffff
5fc17afe56d8113424308224,95,75,#ffffff
5fc17afe56d8113424308225,96,75,#ffffff
5fc17afe56d8113424308226,97,75,#ffffff
5fc17afe56d8113424308227,98,75,#ffffff
5fc17afe56d8113424308228,99,75,#ffffff
5fc17afe56d8113424308229,100,75,#ffffff
5fc17afe56d811342430822a,0,76,#ffffff
5fc17afe56d811342430822b,1,76,#ffffff
5fc17afe56d811342430822c,2,76,#ffffff
5fc17afe56d811342430822d,3,76,#ffffff
5fc17afe56d811342430822e,4,76,#ffffff
5fc17afe56d811342430822f,5,76,#ffffff
5fc17afe56d8113424308230,6,76,#ffffff
5fc17afe56d8113424308231,7,76,#ffffff
5fc17afe56d8113424308232,8,76,#ffffff
5fc17afe56d8113424308233,9,76,#ffffff
5fc17afe56d8113424308234,10,76,#ffffff
5fc17afe56d8113424308235,11,76,#ffffff
5fc17afe56d8113424308236,12,76,#ffffff
5fc17afe56d8113424308237,13,76,#ffffff
5fc17afe56d8113424308238,14,76,#ffffff
5fc17afe56d8113424308239,15,76,#ffffff
5fc17afe56d811342430823a,16,76,#ffffff
5fc17afe56d811342430823b,17,76,#ffffff
5fc17afe56d811342430823c,18,76,#ffffff
5fc17afe56d811342430823d,19,76,#ffffff
5fc17afe56d811342430823e,20,76,#ffffff
5fc17afe56d811342430823f,21,76,#ffffff
5fc17afe56d8113424308240,22,76,#ffffff
5fc17afe56d8113424308241,23,76,#ffffff
5fc17afe56d8113424308242,24,76,#ffffff
5fc17afe56d8113424308243,25,76,#ffffff
5fc17afe56d8113424308244,26,76,#ffffff
5fc17afe56d8113424308245,27,76,#ffffff
5fc17afe56d8113424308246,28,76,#ffffff
5fc17afe56d8113424308247,29,76,#ffffff
5fc17afe56d8113424308248,30,76,#ffffff
5fc17afe56d8113424308249,31,76,#ffffff
5fc17afe56d811342430824a,32,76,#ffffff
5fc17afe56d811342430824b,33,76,#ffffff
5fc17afe56d811342430824c,34,76,#ffffff
5fc17afe56d811342430824d,35,76,#ffffff
5fc17afe56d811342430824e,36,76,#ffffff
5fc17afe56d811342430824f,37,76,#ffffff
5fc17afe56d8113424308250,38,76,#ffffff
5fc17afe56d8113424308251,39,76,#ffffff
5fc17afe56d8113424308252,40,76,#ffffff
5fc17afe56d8113424308253,41,76,#ffffff
5fc17afe56d8113424308254,42,76,#ffffff
5fc17afe56d8113424308255,43,76,#ffffff
5fc17afe56d8113424308256,44,76,#ffffff
5fc17afe56d8113424308257,45,76,#ffffff
5fc17afe56d8113424308258,46,76,#ffffff
5fc17afe56d8113424308259,47,76,#ffffff
5fc17afe56d811342430825a,48,76,#ffffff
5fc17afe56d811342430825b,49,76,#ffffff
5fc17afe56d811342430825c,50,76,#ffffff
5fc17afe56d811342430825d,51,76,#ffffff
5fc17afe56d811342430825e,52,76,#ffffff
5fc17afe56d811342430825f,53,76,#ffffff
5fc17afe56d8113424308260,54,76,#ffffff
5fc17afe56d8113424308261,55,76,#ffffff
5fc17afe56d8113424308262,56,76,#ffffff
5fc17afe56d8113424308263,57,76,#ffffff
5fc17afe56d8113424308264,58,76,#ffffff
5fc17afe56d8113424308265,59,76,#ffffff
5fc17afe56d8113424308266,60,76,#ffffff
5fc17afe56d8113424308267,61,76,#ffffff
5fc17afe56d8113424308268,62,76,#ffffff
5fc17afe56d8113424308269,63,76,#ffffff
5fc17afe56d811342430826a,64,76,#ffffff
5fc17afe56d811342430826b,65,76,#ffffff
5fc17afe56d811342430826c,66,76,#ffffff
5fc17afe56d811342430826d,67,76,#ffffff
5fc17afe56d811342430826e,68,76,#ffffff
5fc17afe56d811342430826f,69,76,#ffffff
5fc17afe56d8113424308270,70,76,#ffffff
5fc17afe56d8113424308271,71,76,#ffffff
5fc17afe56d8113424308272,72,76,#ffffff
5fc17afe56d8113424308273,73,76,#ffffff
5fc17afe56d8113424308274,74,76,#ffffff
5fc17afe56d8113424308275,75,76,#ffffff
5fc17afe56d8113424308276,76,76,#ffffff
5fc17afe56d8113424308277,77,76,#ffffff
5fc17afe56d8113424308278,78,76,#ffffff
5fc17afe56d8113424308279,79,76,#ffffff
5fc17afe56d811342430827a,80,76,#ffffff
5fc17afe56d811342430827b,81,76,#ffffff
5fc17afe56d811342430827c,82,76,#ffffff
5fc17afe56d811342430827d,83,76,#ffffff
5fc17afe56d811342430827e,84,76,#ffffff
5fc17afe56d811342430827f,85,76,#ffffff
5fc17afe56d8113424308280,86,76,#ffffff
5fc17afe56d8113424308281,87,76,#ffffff
5fc17afe56d8113424308282,88,76,#ffffff
5fc17afe56d8113424308283,89,76,#ffffff
5fc17afe56d8113424308284,90,76,#ffffff
5fc17afe56d8113424308285,91,76,#ffffff
5fc17afe56d8113424308286,92,76,#ffffff
5fc17afe56d8113424308287,93,76,#ffffff
5fc17afe56d8113424308288,94,76,#ffffff
5fc17afe56d8113424308289,95,76,#ffffff
5fc17afe56d811342430828a,96,76,#ffffff
5fc17afe56d811342430828b,97,76,#ffffff
5fc17afe56d811342430828c,98,76,#ffffff
5fc17afe56d811342430828d,99,76,#ffffff
5fc17afe56d811342430828e,100,76,#ffffff
5fc17afe56d811342430828f,0,77,#ffffff
5fc17afe56d8113424308290,1,77,#ffffff
5fc17afe56d8113424308291,2,77,#ffffff
5fc17afe56d8113424308292,3,77,#ffffff
5fc17afe56d8113424308293,4,77,#ffffff
5fc17afe56d8113424308294,5,77,#ffffff
5fc17afe56d8113424308295,6,77,#ffffff
5fc17afe56d8113424308296,7,77,#ffffff
5fc17afe56d8113424308297,8,77,#ffffff
5fc17afe56d8113424308298,9,77,#ffffff
5fc17afe56d8113424308299,10,77,#ffffff
5fc17afe56d811342430829a,11,77,#ffffff
5fc17afe56d811342430829b,12,77,#ffffff
5fc17afe56d811342430829c,13,77,#ffffff
5fc17afe56d811342430829d,14,77,#ffffff
5fc17afe56d811342430829e,15,77,#ffffff
5fc17afe56d811342430829f,16,77,#ffffff
5fc17afe56d81134243082a0,17,77,#ffffff
5fc17afe56d81134243082a1,18,77,#ffffff
5fc17afe56d81134243082a2,19,77,#ffffff
5fc17afe56d81134243082a3,20,77,#ffffff
5fc17afe56d81134243082a4,21,77,#ffffff
5fc17afe56d81134243082a5,22,77,#ffffff
5fc17afe56d81134243082a6,23,77,#ffffff
5fc17afe56d81134243082a7,24,77,#ffffff
5fc17afe56d81134243082a8,25,77,#ffffff
5fc17afe56d81134243082a9,26,77,#ffffff
5fc17afe56d81134243082aa,27,77,#ffffff
5fc17afe56d81134243082ab,28,77,#ffffff
5fc17afe56d81134243082ac,29,77,#ffffff
5fc17afe56d81134243082ad,30,77,#ffffff
5fc17afe56d81134243082ae,31,77,#ffffff
5fc17afe56d81134243082af,32,77,#ffffff
5fc17afe56d81134243082b0,33,77,#ffffff
5fc17afe56d81134243082b1,34,77,#ffffff
5fc17afe56d81134243082b2,35,77,#ffffff
5fc17afe56d81134243082b3,36,77,#ffffff
5fc17afe56d81134243082b4,37,77,#ffffff
5fc17afe56d81134243082b5,38,77,#ffffff
5fc17afe56d81134243082b6,39,77,#ffffff
5fc17afe56d81134243082b7,40,77,#ffffff
5fc17afe56d81134243082b8,41,77,#ffffff
5fc17afe56d81134243082b9,42,77,#ffffff
5fc17afe56d81134243082ba,43,77,#ffffff
5fc17afe56d81134243082bb,44,77,#ffffff
5fc17afe56d81134243082bc,45,77,#ffffff
5fc17afe56d81134243082bd,46,77,#ffffff
5fc17afe56d81134243082be,47,77,#ffffff
5fc17afe56d81134243082bf,48,77,#ffffff
5fc17afe56d81134243082c0,49,77,#ffffff
5fc17afe56d81134243082c1,50,77,#ffffff
5fc17afe56d81134243082c2,51,77,#ffffff
5fc17afe56d81134243082c3,52,77,#ffffff
5fc17afe56d81134243082c4,53,77,#ffffff
5fc17afe56d81134243082c5,54,77,#ffffff
5fc17afe56d81134243082c6,55,77,#ffffff
5fc17afe56d81134243082c7,56,77,#ffffff
5fc17afe56d81134243082c8,57,77,#ffffff
5fc17afe56d81134243082c9,58,77,#ffffff
5fc17afe56d81134243082ca,59,77,#ffffff
5fc17afe56d81134243082cb,60,77,#ffffff
5fc17afe56d81134243082cc,61,77,#ffffff
5fc17afe56d81134243082cd,62,77,#ffffff
5fc17afe56d81134243082ce,63,77,#ffffff
5fc17afe56d81134243082cf,64,77,#ffffff
5fc17afe56d81134243082d0,65,77,#ffffff
5fc17afe56d81134243082d1,66,77,#ffffff
5fc17afe56d81134243082d2,67,77,#ffffff
5fc17afe56d81134243082d3,68,77,#ffffff
5fc17afe56d81134243082d4,69,77,#ffffff
5fc17afe56d81134243082d5,70,77,#ffffff
5fc17afe56d81134243082d6,71,77,#ffffff
5fc17afe56d81134243082d7,72,77,#ffffff
5fc17afe56d81134243082d8,73,77,#ffffff
5fc17afe56d81134243082d9,74,77,#ffffff
5fc17afe56d81134243082da,75,77,#ffffff
5fc17afe56d81134243082db,76,77,#ffffff
5fc17afe56d81134243082dc,77,77,#ffffff
5fc17afe56d81134243082dd,78,77,#ffffff
5fc17afe56d81134243082de,79,77,#ffffff
5fc17afe56d81134243082df,80,77,#ffffff
5fc17afe56d81134243082e0,81,77,#ffffff
5fc17afe56d81134243082e1,82,77,#ffffff
5fc17afe56d81134243082e2,83,77,#ffffff
5fc17afe56d81134243082e3,84,77,#ffffff
5fc17afe56d81134243082e4,85,77,#ffffff
5fc17afe56d81134243082e5,86,77,#ffffff
5fc17afe56d81134243082e6,87,77,#ffffff
5fc17afe56d81134243082e7,88,77,#ffffff
5fc17afe56d81134243082e8,89,77,#ffffff
5fc17afe56d81134243082e9,90,77,#ffffff
5fc17afe56d81134243082ea,91,77,#ffffff
5fc17afe56d81134243082eb,92,77,#ffffff
5fc17afe56d81134243082ec,93,77,#ffffff
5fc17afe56d81134243082ed,94,77,#ffffff
5fc17afe56d81134243082ee,95,77,#ffffff
5fc17afe56d81134243082ef,96,77,#ffffff
5fc17afe56d81134243082f0,97,77,#ffffff
5fc17afe56d81134243082f1,98,77,#ffffff
5fc17afe56d81134243082f2,99,77,#ffffff
5fc17afe56d81134243082f3,100,77,#ffffff
5fc17afe56d81134243082f4,0,78,#ffffff
5fc17afe56d81134243082f5,1,78,#ffffff
5fc17afe56d81134243082f6,2,78,#ffffff
5fc17afe56d81134243082f7,3,78,#ffffff
5fc17afe56d81134243082f8,4,78,#ffffff
5fc17afe56d81134243082f9,5,78,#ffffff
5fc17afe56d81134243082fa,6,78,#ffffff
5fc17afe56d81134243082fb,7,78,#ffffff
5fc17afe56d81134243082fc,8,78,#ffffff
5fc17afe56d81134243082fd,9,78,#ffffff
5fc17afe56d81134243082fe,10,78,#ffffff
5fc17afe56d81134243082ff,11,78,#ffffff
5fc17afe56d8113424308300,12,78,#ffffff
5fc17afe56d8113424308301,13,78,#ffffff
5fc17afe56d8113424308302,14,78,#ffffff
5fc17afe56d8113424308303,15,78,#ffffff
5fc17afe56d8113424308304,16,78,#ffffff
5fc17afe56d8113424308305,17,78,#ffffff
5fc17afe56d8113424308306,18,78,#ffffff
5fc17afe56d8113424308307,19,78,#ffffff
5fc17afe56d8113424308308,20,78,#ffffff
5fc17afe56d8113424308309,21,78,#ffffff
5fc17afe56d811342430830a,22,78,#ffffff
5fc17afe56d811342430830b,23,78,#ffffff
5fc17afe56d811342430830c,24,78,#ffffff
5fc17afe56d811342430830d,25,78,#ffffff
5fc17afe56d811342430830e,26,78,#ffffff
5fc17afe56d811342430830f,27,78,#ffffff
5fc17afe56d8113424308310,28,78,#ffffff
5fc17afe56d8113424308311,29,78,#ffffff
5fc17afe56d8113424308312,30,78,#ffffff
5fc17afe56d8113424308313,31,78,#ffffff
5fc17afe56d8113424308314,32,78,#ffffff
5fc17afe56d8113424308315,33,78,#ffffff
5fc17afe56d8113424308316,34,78,#ffffff
5fc17afe56d8113424308317,35,78,#ffffff
5fc17afe56d8113424308318,36,78,#ffffff
5fc17afe56d8113424308319,37,78,#ffffff
5fc17afe56d811342430831a,38,78,#ffffff
5fc17afe56d811342430831b,39,78,#ffffff
5fc17afe56d811342430831c,40,78,#ffffff
5fc17afe56d811342430831d,41,78,#ffffff
5fc17afe56d811342430831e,42,78,#ffffff
5fc17afe56d811342430831f,43,78,#ffffff
5fc17afe56d8113424308320,44,78,#ffffff
5fc17afe56d8113424308321,45,78,#ffffff
5fc17afe56d8113424308322,46,78,#ffffff
5fc17afe56d8113424308323,47,78,#ffffff
5fc17afe56d8113424308324,48,78,#ffffff
5fc17afe56d8113424308325,49,78,#ffffff
5fc17afe56d8113424308326,50,78,#ffffff
5fc17afe56d8113424308327,51,78,#ffffff
5fc17afe56d8113424308328,52,78,#ffffff
5fc17afe56d8113424308329,53,78,#ffffff
5fc17afe56d811342430832a,54,78,#ffffff
5fc17afe56d811342430832b,55,78,#ffffff
5fc17afe56d811342430832c,56,78,#ffffff
5fc17afe56d811342430832d,57,78,#ffffff
5fc17afe56d811342430832e,58,78,#ffffff
5fc17afe56d811342430832f,59,78,#ffffff
5fc17afe56d8113424308330,60,78,#ffffff
5fc17afe56d8113424308331,61,78,#ffffff
5fc17afe56d8113424308332,62,78,#ffffff
5fc17afe56d8113424308333,63,78,#ffffff
5fc17afe56d8113424308334,64,78,#ffffff
5fc17afe56d8113424308335,65,78,#ffffff
5fc17afe56d8113424308336,66,78,#ffffff
5fc17afe56d8113424308337,67,78,#ffffff
5fc17afe56d8113424308338,68,78,#ffffff
5fc17afe56d8113424308339,69,78,#ffffff
5fc17afe56d811342430833a,70,78,#ffffff
5fc17afe56d811342430833b,71,78,#ffffff
5fc17afe56d811342430833c,72,78,#ffffff
5fc17afe56d811342430833d,73,78,#ffffff
5fc17afe56d811342430833e,74,78,#ffffff
5fc17afe56d811342430833f,75,78,#ffffff
5fc17afe56d8113424308340,76,78,#ffffff
5fc17afe56d8113424308341,77,78,#ffffff
5fc17afe56d8113424308342,78,78,#ffffff
5fc17afe56d8113424308343,79,78,#ffffff
5fc17afe56d8113424308344,80,78,#ffffff
5fc17afe56d8113424308345,81,78,#ffffff
5fc17afe56d8113424308346,82,78,#ffffff
5fc17afe56d8113424308347,83,78,#ffffff
5fc17afe56d8113424308348,84,78,#ffffff
5fc17afe56d8113424308349,85,78,#ffffff
5fc17afe56d811342430834a,86,78,#ffffff
5fc17afe56d811342430834b,87,78,#ffffff
5fc17afe56d811342430834c,88,78,#ffffff
5fc17afe56d811342430834d,89,78,#ffffff
5fc17afe56d811342430834e,90,78,#ffffff
5fc17afe56d811342430834f,91,78,#ffffff
5fc17afe56d8113424308350,92,78,#ffffff
5fc17afe56d8113424308351,93,78,#ffffff
5fc17afe56d8113424308352,94,78,#ffffff
5fc17afe56d8113424308353,95,78,#ffffff
5fc17afe56d8113424308354,96,78,#ffffff
5fc17afe56d8113424308355,97,78,#ffffff
5fc17afe56d8113424308356,98,78,#ffffff
5fc17afe56d8113424308357,99,78,#ffffff
5fc17afe56d8113424308358,100,78,#ffffff
5fc17afe56d8113424308359,0,79,#ffffff
5fc17afe56d811342430835a,1,79,#ffffff
5fc17afe56d811342430835b,2,79,#ffffff
5fc17afe56d811342430835c,3,79,#ffffff
5fc17afe56d811342430835d,4,79,#ffffff
5fc17afe56d811342430835e,5,79,#ffffff
5fc17afe56d811342430835f,6,79,#ffffff
5fc17afe56d8113424308360,7,79,#ffffff
5fc17afe56d8113424308361,8,79,#ffffff
5fc17afe56d8113424308362,9,79,#ffffff
5fc17afe56d8113424308363,10,79,#ffffff
5fc17afe56d8113424308364,11,79,#ffffff
5fc17afe56d8113424308365,12,79,#ffffff
5fc17afe56d8113424308366,13,79,#ffffff
5fc17afe56d8113424308367,14,79,#ffffff
5fc17afe56d8113424308368,15,79,#ffffff
5fc17afe56d8113424308369,16,79,#ffffff
5fc17afe56d811342430836a,17,79,#ffffff
5fc17afe56d811342430836b,18,79,#ffffff
5fc17afe56d811342430836c,19,79,#ffffff
5fc17afe56d811342430836d,20,79,#ffffff
5fc17afe56d811342430836e,21,79,#ffffff
5fc17afe56d811342430836f,22,79,#ffffff
5fc17afe56d8113424308370,23,79,#ffffff
5fc17afe56d8113424308371,24,79,#ffffff
5fc17afe56d8113424308372,25,79,#ffffff
5fc17afe56d8113424308373,26,79,#ffffff
5fc17afe56d8113424308374,27,79,#ffffff
5fc17afe56d8113424308375,28,79,#ffffff
5fc17afe56d8113424308376,29,79,#ffffff
5fc17afe56d8113424308377,30,79,#ffffff
5fc17afe56d8113424308378,31,79,#ffffff
5fc17afe56d8113424308379,32,79,#ffffff
5fc17afe56d811342430837a,33,79,#ffffff
5fc17afe56d811342430837b,34,79,#ffffff
5fc17afe56d811342430837c,35,79,#ffffff
5fc17afe56d811342430837d,36,79,#ffffff
5fc17afe56d811342430837e,37,79,#ffffff
5fc17afe56d811342430837f,38,79,#ffffff
5fc17afe56d8113424308380,39,79,#ffffff
5fc17afe56d8113424308381,40,79,#ffffff
5fc17afe56d8113424308382,41,79,#ffffff
5fc17afe56d8113424308383,42,79,#ffffff
5fc17afe56d8113424308384,43,79,#ffffff
5fc17afe56d8113424308385,44,79,#ffffff
5fc17afe56d8113424308386,45,79,#ffffff
5fc17afe56d8113424308387,46,79,#ffffff
5fc17afe56d8113424308388,47,79,#ffffff
5fc17afe56d8113424308389,48,79,#ffffff
5fc17afe56d811342430838a,49,79,#ffffff
5fc17afe56d811342430838b,50,79,#ffffff
5fc17afe56d811342430838c,51,79,#ffffff
5fc17afe56d811342430838d,52,79,#ffffff
5fc17afe56d811342430838e,53,79,#ffffff
5fc17afe56d811342430838f,54,79,#ffffff
5fc17afe56d8113424308390,55,79,#ffffff
5fc17afe56d8113424308391,56,79,#ffffff
5fc17afe56d8113424308392,57,79,#ffffff
5fc17afe56d8113424308393,58,79,#ffffff
5fc17afe56d8113424308394,59,79,#ffffff
5fc17afe56d8113424308395,60,79,#ffffff
5fc17afe56d8113424308396,61,79,#ffffff
5fc17afe56d8113424308397,62,79,#ffffff
5fc17afe56d8113424308398,63,79,#ffffff
5fc17afe56d8113424308399,64,79,#ffffff
5fc17afe56d811342430839a,65,79,#ffffff
5fc17afe56d811342430839b,66,79,#ffffff
5fc17afe56d811342430839c,67,79,#ffffff
5fc17afe56d811342430839d,68,79,#ffffff
5fc17afe56d811342430839e,69,79,#ffffff
5fc17afe56d811342430839f,70,79,#ffffff
5fc17afe56d81134243083a0,71,79,#ffffff
5fc17afe56d81134243083a1,72,79,#ffffff
5fc17afe56d81134243083a2,73,79,#ffffff
5fc17afe56d81134243083a3,74,79,#ffffff
5fc17afe56d81134243083a4,75,79,#ffffff
5fc17afe56d81134243083a5,76,79,#ffffff
5fc17afe56d81134243083a6,77,79,#ffffff
5fc17afe56d81134243083a7,78,79,#ffffff
5fc17afe56d81134243083a8,79,79,#ffffff
5fc17afe56d81134243083a9,80,79,#ffffff
5fc17afe56d81134243083aa,81,79,#ffffff
5fc17afe56d81134243083ab,82,79,#ffffff
5fc17afe56d81134243083ac,83,79,#ffffff
5fc17afe56d81134243083ad,84,79,#ffffff
5fc17afe56d81134243083ae,85,79,#ffffff
5fc17afe56d81134243083af,86,79,#ffffff
5fc17afe56d81134243083b0,87,79,#ffffff
5fc17afe56d81134243083b1,88,79,#ffffff
5fc17afe56d81134243083b2,89,79,#ffffff
5fc17afe56d81134243083b3,90,79,#ffffff
5fc17afe56d81134243083b4,91,79,#ffffff
5fc17afe56d81134243083b5,92,79,#ffffff
5fc17afe56d81134243083b6,93,79,#ffffff
5fc17afe56d81134243083b7,94,79,#ffffff
5fc17afe56d81134243083b8,95,79,#ffffff
5fc17afe56d81134243083b9,96,79,#ffffff
5fc17afe56d81134243083ba,97,79,#ffffff
5fc17afe56d81134243083bb,98,79,#ffffff
5fc17afe56d81134243083bc,99,79,#ffffff
5fc17afe56d81134243083bd,100,79,#ffffff
5fc17afe56d81134243083be,0,80,#25f906
5fc17afe56d81134243083bf,1,80,#25f906
5fc17afe56d81134243083c0,2,80,#ffffff
5fc17afe56d81134243083c1,3,80,#ffffff
5fc17afe56d81134243083c2,4,80,#ffffff
5fc17afe56d81134243083c3,5,80,#ffffff
5fc17afe56d81134243083c4,6,80,#ffffff
5fc17afe56d81134243083c5,7,80,#25f906
5fc17afe56d81134243083c6,8,80,#ffffff
5fc17afe56d81134243083c7,9,80,#ffffff
5fc17afe56d81134243083c8,10,80,#25f906
5fc17afe56d81134243083c9,11,80,#25f906
5fc17afe56d81134243083ca,12,80,#25f906
5fc17afe56d81134243083cb,13,80,#ffffff
5fc17afe56d81134243083cc,14,80,#ffffff
5fc17afe56d81134243083cd,15,80,#ffffff
5fc17afe56d81134243083ce,16,80,#ffffff
5fc17afe56d81134243083cf,17,80,#ffffff
5fc17afe56d81134243083d0,18,80,#ffffff
5fc17afe56d81134243083d1,19,80,#ffffff
5fc17afe56d81134243083d2,20,80,#ffffff
5fc17afe56d81134243083d3,21,80,#ffffff
5fc17afe56d81134243083d4,22,80,#ffffff
5fc17afe56d81134243083d5,23,80,#ffffff
5fc17afe56d81134243083d6,24,80,#ffffff
5fc17afe56d81134243083d7,25,80,#ffffff
5fc17afe56d81134243083d8,26,80,#ffffff
5fc17afe56d81134243083d9,27,80,#ffffff
5fc17afe56d81134243083da,28,80,#ffffff
5fc17afe56d81134243083db,29,80,#ffffff
5fc17afe56d81134243083dc,30,80,#ffffff
5fc17afe56d81134243083dd,31,80,#ffffff
5fc17afe56d81134243083de,32,80,#ffffff
5fc17afe56d81134243083df,33,80,#ffffff
5fc17afe56d81134243083e0,34,80,#ffffff
5fc17afe56d81134243083e1,35,80,#ffffff
5fc17afe56d81134243083e2,36,80,#ffffff
5fc17afe56d81134243083e3,37,80,#ffffff
5fc17afe56d81134243083e4,38,80,#ffffff
5fc17afe56d81134243083e5,39,80,#ffffff
5fc17afe56d81134243083e6,40,80,#ffffff
5fc17afe56d81134243083e7,41,80,#ffffff
5fc17afe56d81134243083e8,42,80,#ffffff
5fc17afe56d81134243083e9,43,80,#ffffff
5fc17afe56d81134243083ea,44,80,#ffffff
5fc17afe56d81134243083eb,45,80,#ffffff
5fc17afe56d81134243083ec,46,80,#ffffff
5fc17afe56d81134243083ed,47,80,#ffffff
5fc17afe56d81134243083ee,48,80,#ffffff
5fc17afe56d81134243083ef,49,80,#ffffff
5fc17afe56d81134243083f0,50,80,#ffffff
5fc17afe56d81134243083f1,51,80,#ffffff
5fc17afe56d81134243083f2,52,80,#ffffff
5fc17afe56d81134243083f3,53,80,#ffffff
5fc17afe56d81134243083f4,54,80,#ffffff
5fc17afe56d81134243083f5,55,80,#ffffff
5fc17afe56d81134243083f6,56,80,#ffffff
5fc17afe56d81134243083f7,57,80,#ffffff
5fc17afe56d81134243083f8,58,80,#ffffff
5fc17afe56d81134243083f9,59,80,#ffffff
5fc17afe56d81134243083fa,60,80,#ffffff
5fc17afe56d81134243083fb,61,80,#ffffff
5fc17afe56d81134243083fc,62,80,#ffffff
5fc17afe56d81134243083fd,63,80,#ffffff
5fc17afe56d81134243083fe,64,80,#ffffff
5fc17afe56d81134243083ff,65,80,#ffffff
5fc17afe56d8113424308400,66,80,#ffffff
5fc17afe56d8113424308401,67,80,#ffffff
5fc17afe56d8113424308402,68,80,#ffffff
5fc17afe56d8113424308403,69,80,#ffffff
5fc17afe56d8113424308404,70,80,#ffffff
5fc17afe56d8113424308405,71,80,#ffffff
5fc17afe56d8113424308406,72,80,#ffffff
5fc17afe56d8113424308407,73,80,#ffffff
5fc17afe56d8113424308408,74,80,#ffffff
5fc17afe56d8113424308409,75,80,#ffffff
5fc17afe56d811342430840a,76,80,#ffffff
5fc17afe56d811342430840b,77,80,#ffffff
5fc17afe56d811342430840c,78,80,#ffffff
5fc17afe56d811342430840d,79,80,#ffffff
5fc17afe56d811342430840e,80,80,#ffffff
5fc17afe56d811342430840f,81,80,#ffffff
5fc17afe56d8113424308410,82,80,#ffffff
5fc17afe56d8113424308411,83,80,#ffffff
5fc17afe56d8113424308412,84,80,#ffffff
5fc17afe56d8113424308413,85,80,#ffffff
5fc17afe56d8113424308414,86,80,#ffffff
5fc17afe56d8113424308415,87,80,#ffffff
5fc17afe56d8113424308416,88,80,#ffffff
5fc17afe56d8113424308417,89,80,#ffffff
5fc17afe56d8113424308418,90,80,#ffffff
5fc17afe56d8113424308419,91,80,#ffffff
5fc17afe56d811342430841a,92,80,#ffffff
5fc17afe56d811342430841b,93,80,#ffffff
5fc17afe56d811342430841c,94,80,#ffffff
5fc17afe56d811342430841d,95,80,#ffffff
5fc17afe56d811342430841e,96,80,#ffffff
5fc17afe56d811342430841f,97,80,#ffffff
5fc17afe56d8113424308420,98,80,#ffffff
5fc17afe56d8113424308421,99,80,#ffffff
5fc17afe56d8113424308422,100,80,#ffffff
5fc17afe56d8113424308423,0,81,#25f906
5fc17afe56d8113424308424,1,81,#ffffff
5fc17afe56d8113424308425,2,81,#ffffff
5fc17afe56d8113424308426,3,81,#25f906
5fc17afe56d8113424308427,4,81,#ffffff
5fc17afe56d8113424308428,5,81,#25f906
5fc17afe56d8113424308429,6,81,#ffffff
5fc17afe56d811342430842a,7,81,#25f906
5fc17afe56d811342430842b,8,81,#ffffff
5fc17afe56d811342430842c,9,81,#ffffff
5fc17afe56d811342430842d,10,81,#ffffff
5fc17afe56d811342430842e,11,81,#25f906
5fc17afe56d811342430842f,12,81,#ffffff
5fc17afe56d8113424308430,13,81,#ffffff
5fc17afe56d8113424308431,14,81,#ffffff
5fc17afe56d8113424308432,15,81,#ffffff
5fc17afe56d8113424308433,16,81,#ffffff
5fc17afe56d8113424308434,17,81,#ffffff
5fc17afe56d8113424308435,18,81,#ffffff
5fc17afe56d8113424308436,19,81,#ffffff
5fc17afe56d8113424308437,20,81,#ffffff
5fc17afe56d8113424308438,21,81,#ffffff
5fc17afe56d8113424308439,22,81,#ffffff
5fc17afe56d811342430843a,23,81,#ffffff
5fc17afe56d811342430843b,24,81,#ffffff
5fc17afe56d811342430843c,25,81,#ffffff
5fc17afe56d811342430843d,26,81,#ffffff
5fc17afe56d811342430843e,27,81,#ffffff
5fc17afe56d811342430843f,28,81,#ffffff
5fc17afe56d8113424308440,29,81,#ffffff
5fc17afe56d8113424308441,30,81,#ffffff
5fc17afe56d8113424308442,31,81,#ffffff
5fc17afe56d8113424308443,32,81,#ffffff
5fc17afe56d8113424308444,33,81,#ffffff
5fc17afe56d8113424308445,34,81,#ffffff
5fc17afe56d8113424308446,35,81,#ffffff
5fc17afe56d8113424308447,36,81,#ffffff
5fc17afe56d8113424308448,37,81,#ffffff
5fc17afe56d8113424308449,38,81,#ffffff
5fc17afe56d811342430844a,39,81,#ffffff
5fc17afe56d811342430844b,40,81,#ffffff
5fc17afe56d811342430844c,41,81,#ffffff
5fc17afe56d811342430844d,42,81,#ffffff
5fc17afe56d811342430844e,43,81,#ffffff
5fc17afe56d811342430844f,44,81,#ffffff
5fc17afe56d8113424308450,45,81,#ffffff
5fc17afe56d8113424308451,46,81,#ffffff
5fc17afe56d8113424308452,47,81,#ffffff
5fc17afe56d8113424308453,48,81,#ffffff
5fc17afe56d8113424308454,49,81,#ffffff
5fc17afe56d8113424308455,50,81,#ffffff
5fc17afe56d8113424308456,51,81,#ffffff
5fc17afe56d8113424308457,52,81,#ffffff
5fc17afe56d8113424308458,53,81,#ffffff
5fc17afe56d8113424308459,54,81,#ffffff
5fc17afe56d811342430845a,55,81,#ffffff
5fc17afe56d811342430845b,56,81,#ffffff
5fc17afe56d811342430845c,57,81,#ffffff
5fc17afe56d811342430845d,58,81,#ffffff
5fc17afe56d811342430845e,59,81,#ffffff
5fc17afe56d811342430845f,60,81,#ffffff
5fc17afe56d8113424308460,61,81,#ffffff
5fc17afe56d8113424308461,62,81,#ffffff
5fc17afe56d8113424308462,63,81,#ffffff
5fc17afe56d8113424308463,64,81,#ffffff
5fc17afe56d8113424308464,65,81,#ffffff
5fc17afe56d8113424308465,66,81,#ffffff
5fc17afe56d8113424308466,67,81,#ffffff
5fc17afe56d8113424308467,68,81,#ffffff
5fc17afe56d8113424308468,69,81,#ffffff
5fc17afe56d8113424308469,70,81,#ffffff
5fc17afe56d811342430846a,71,81,#ffffff
5fc17afe56d811342430846b,72,81,#ffffff
5fc17afe56d811342430846c,73,81,#ffffff
5fc17afe56d811342430846d,74,81,#ffffff
5fc17afe56d811342430846e,75,81,#ffffff
5fc17afe56d811342430846f,76,81,#ffffff
5fc17afe56d8113424308470,77,81,#ffffff
5fc17afe56d8113424308471,78,81,#ffffff
5fc17afe56d8113424308472,79,81,#ffffff
5fc17afe56d8113424308473,80,81,#ffffff
5fc17afe56d8113424308474,81,81,#ffffff
5fc17afe56d8113424308475,82,81,#ffffff
5fc17afe56d8113424308476,83,81,#ffffff
5fc17afe56d8113424308477,84,81,#ffffff
5fc17afe56d8113424308478,85,81,#ffffff
5fc17afe56d8113424308479,86,81,#ffffff
5fc17afe56d811342430847a,87,81,#ffffff
5fc17afe56d811342430847b,88,81,#ffffff
5fc17afe56d811342430847c,89,81,#ffffff
5fc17afe56d811342430847d,90,81,#ffffff
5fc17afe56d811342430847e,91,81,#ffffff
5fc17afe56d811342430847f,92,81,#ffffff
5fc17afe56d8113424308480,93,81,#ffffff
5fc17afe56d8113424308481,94,81,#ffffff
5fc17afe56d8113424308482,95,81,#ffffff
5fc17afe56d8113424308483,96,81,#ffffff
5fc17afe56d8113424308484,97,81,#ffffff
5fc17afe56d8113424308485,98,81,#ffffff
5fc17afe56d8113424308486,99,81,#ffffff
5fc17afe56d8113424308487,100,81,#ffffff
5fc17afe56d8113424308488,0,82,#25f906
5fc17afe56d8113424308489,1,82,#ffffff
5fc17afe56d811342430848a,2,82,#ffffff
5fc17afe56d811342430848b,3,82,#25f906
5fc17afe56d811342430848c,4,82,#ffffff
5fc17afe56d811342430848d,5,82,#25f906
5fc17afe56d811342430848e,6,82,#ffffff
5fc17afe56d811342430848f,7,82,#25f906
5fc17afe56d8113424308490,8,82,#ffffff
5fc17afe56d8113424308491,9,82,#ffffff
5fc17afe56d8113424308492,10,82,#ffffff
5fc17afe56d8113424308493,11,82,#25f906
5fc17afe56d8113424308494,12,82,#ffffff
5fc17afe56d8113424308495,13,82,#ffffff
5fc17afe56d8113424308496,14,82,#ffffff
5fc17afe56d8113424308497,15,82,#ffffff
5fc17afe56d8113424308498,16,82,#ffffff
5fc17afe56d8113424308499,17,82,#ffffff
5fc17afe56d811342430849a,18,82,#ffffff
5fc17afe56d811342430849b,19,82,#ffffff
5fc17afe56d811342430849c,20,82,#ffffff
5fc17afe56d811342430849d,21,82,#ffffff
5fc17afe56d811342430849e,22,82,#ffffff
5fc17afe56d811342430849f,23,82,#ffffff
5fc17afe56d81134243084a0,24,82,#ffffff
5fc17afe56d81134243084a1,25,82,#ffffff
5fc17afe56d81134243084a2,26,82,#ffffff
5fc17afe56d81134243084a3,27,82,#ffffff
5fc17afe56d81134243084a4,28,82,#ffffff
5fc17afe56d81134243084a5,29,82,#ffffff
5fc17afe56d81134243084a6,30,82,#ffffff
5fc17afe56d81134243084a7,31,82,#ffffff
5fc17afe56d81134243084a8,32,82,#ffffff
5fc17afe56d81134243084a9,33,82,#ffffff
5fc17afe56d81134243084aa,34,82,#ffffff
5fc17afe56d81134243084ab,35,82,#ffffff
5fc17afe56d81134243084ac,36,82,#ffffff
5fc17afe56d81134243084ad,37,82,#ffffff
5fc17afe56d81134243084ae,38,82,#ffffff
5fc17afe56d81134243084af,39,82,#ffffff
5fc17afe56d81134243084b0,40,82,#ffffff
5fc17afe56d81134243084b1,41,82,#ffffff
5fc17afe56d81134243084b2,42,82,#ffffff
5fc17afe56d81134243084b3,43,82,#ffffff
5fc17afe56d81134243084b4,44,82,#ffffff
5fc17afe56d81134243084b5,45,82,#ffffff
5fc17afe56d81134243084b6,46,82,#ffffff
5fc17afe56d81134243084b7,47,82,#ffffff
5fc17afe56d81134243084b8,48,82,#ffffff
5fc17afe56d81134243084b9,49,82,#ffffff
5fc17afe56d81134243084ba,50,82,#ffffff
5fc17afe56d81134243084bb,51,82,#ffffff
5fc17afe56d81134243084bc,52,82,#ffffff
5fc17afe56d81134243084bd,53,82,#ffffff
5fc17afe56d81134243084be,54,82,#ffffff
5fc17afe56d81134243084bf,55,82,#ffffff
5fc17afe56d81134243084c0,56,82,#ffffff
5fc17afe56d81134243084c1,57,82,#ffffff
5fc17afe56d81134243084c2,58,82,#ffffff
5fc17afe56d81134243084c3,59,82,#ffffff
5fc17afe56d81134243084c4,60,82,#ffffff
5fc17afe56d81134243084c5,61,82,#ffffff
5fc17afe56d81134243084c6,62,82,#ffffff
5fc17afe56d81134243084c7,63,82,#ffffff
5fc17afe56d81134243084c8,64,82,#ffffff
5fc17afe56d81134243084c9,65,82,#ffffff
5fc17afe56d81134243084ca,66,82,#ffffff
5fc17afe56d81134243084cb,67,82,#ffffff
5fc17afe56d81134243084cc,68,82,#ffffff
5fc17afe56d81134243084cd,69,82,#ffffff
5fc17afe56d81134243084ce,70,82,#ffffff
5fc17afe56d81134243084cf,71,82,#ffffff
5fc17afe56d81134243084d0,72,82,#ffffff
5fc17afe56d81134243084d1,73,82,#ffffff
5fc17afe56d81134243084d2,74,82,#ffffff
5fc17afe56d81134243084d3,75,82,#ffffff
5fc17afe56d81134243084d4,76,82,#ffffff
5fc17afe56d81134243084d5,77,82,#ffffff
5fc17afe56d81134243084d6,78,82,#ffffff
5fc17afe56d81134243084d7,79,82,#ffffff
5fc17afe56d81134243084d8,80,82,#ffffff
5fc17afe56d81134243084d9,81,82,#ffffff
5fc17afe56d81134243084da,82,82,#ffffff
5fc17afe56d81134243084db,83,82,#ffffff
5fc17afe56d81134243084dc,84,82,#ffffff
5fc17afe56d81134243084dd,85,82,#ffffff
5fc17afe56d81134243084de,86,82,#ffffff
5fc17afe56d81134243084df,87,82,#ffffff
5fc17afe56d81134243084e0,88,82,#ffffff
5fc17afe56d81134243084e1,89,82,#ffffff
5fc17afe56d81134243084e2,90,82,#ffffff
5fc17afe56d81134243084e3,91,82,#ffffff
5fc17afe56d81134243084e4,92,82,#ffffff
5fc17afe56d81134243084e5,93,82,#ffffff
5fc17afe56d81134243084e6,94,82,#ffffff
5fc17afe56d81134243084e7,95,82,#ffffff
5fc17afe56d81134243084e8,96,82,#ffffff
5fc17afe56d81134243084e9,97,82,#ffffff
5fc17afe56d81134243084ea,98,82,#ffffff
5fc17afe56d81134243084eb,99,82,#ffffff
5fc17afe56d81134243084ec,100,82,#ffffff
5fc17afe56d81134243084ed,0,83,#25f906
5fc17afe56d81134243084ee,1,83,#25f906
5fc17afe56d81134243084ef,2,83,#ffffff
5fc17afe56d81134243084f0,3,83,#25f906
5fc17afe56d81134243084f1,4,83,#25f906
5fc17afe56d81134243084f2,5,83,#25f906
5fc17afe56d81134243084f3,6,83,#ffffff
5fc17afe56d81134243084f4,7,83,#25f906
5fc17afe56d81134243084f5,8,83,#25f906
5fc17afe56d81134243084f6,9,83,#ffffff
5fc17afe56d81134243084f7,10,83,#ffffff
5fc17afe56d81134243084f8,11,83,#25f906
5fc17afe56d81134243084f9,12,83,#ffffff
5fc17afe56d81134243084fa,13,83,#ffffff
5fc17afe56d81134243084fb,14,83,#ffffff
5fc17afe56d81134243084fc,15,83,#ffffff
5fc17afe56d81134243084fd,16,83,#ffffff
5fc17afe56d81134243084fe,17,83,#ffffff
5fc17afe56d81134243084ff,18,83,#ffffff
5fc17afe56d8113424308500,19,83,#ffffff
5fc17afe56d8113424308501,20,83,#ffffff
5fc17afe56d8113424308502,21,83,#ffffff
5fc17afe56d8113424308503,22,83,#ffffff
5fc17afe56d8113424308504,23,83,#ffffff
5fc17afe56d8113424308505,24,83,#ffffff
5fc17afe56d8113424308506,25,83,#ffffff
5fc17afe56d8113424308507,26,83,#ffffff
5fc17afe56d8113424308508,27,83,#ffffff
5fc17afe56d8113424308509,28,83,#ffffff
5fc17afe56d811342430850a,29,83,#ffffff
5fc17afe56d811342430850b,30,83,#ffffff
5fc17afe56d811342430850c,31,83,#ffffff
5fc17afe56d811342430850d,32,83,#ffffff
5fc17afe56d811342430850e,33,83,#ffffff
5fc17afe56d811342430850f,34,83,#ffffff
5fc17afe56d8113424308510,35,83,#ffffff
5fc17afe56d8113424308511,36,83,#ffffff
5fc17afe56d8113424308512,37,83,#ffffff
5fc17afe56d8113424308513,38,83,#ffffff
5fc17afe56d8113424308514,39,83,#ffffff
5fc17afe56d8113424308515,40,83,#ffffff
5fc17afe56d8113424308516,41,83,#ffffff
5fc17afe56d8113424308517,42,83,#ffffff
5fc17afe56d8113424308518,43,83,#ffffff
5fc17afe56d8113424308519,44,83,#ffffff
5fc17afe56d811342430851a,45,83,#ffffff
5fc17afe56d811342430851b,46,83,#ffffff
5fc17afe56d811342430851c,47,83,#ffffff
5fc17afe56d811342430851d,48,83,#ffffff
5fc17afe56d811342430851e,49,83,#ffffff
5fc17afe56d811342430851f,50,83,#ffffff
5fc17afe56d8113424308520,51,83,#ffffff
5fc17afe56d8113424308521,52,83,#ffffff
5fc17afe56d8113424308522,53,83,#ffffff
5fc17afe56d8113424308523,54,83,#ffffff
5fc17afe56d8113424308524,55,83,#ffffff
5fc17afe56d8113424308525,56,83,#ffffff
5fc17afe56d8113424308526,57,83,#ffffff
5fc17afe56d8113424308527,58,83,#ffffff
5fc17afe56d8113424308528,59,83,#ffffff
5fc17afe56d8113424308529,60,83,#ffffff
5fc17afe56d811342430852a,61,83,#ffffff
5fc17afe56d811342430852b,62,83,#ffffff
5fc17afe56d811342430852c,63,83,#ffffff
5fc17afe56d811342430852d,64,83,#ffffff
5fc17afe56d811342430852e,65,83,#ffffff
5fc17afe56d811342430852f,66,83,#ffffff
5fc17afe56d8113424308530,67,83,#ffffff
5fc17afe56d8113424308531,68,83,#ffffff
5fc17afe56d8113424308532,69,83,#ffffff
5fc17afe56d8113424308533,70,83,#ffffff
5fc17afe56d8113424308534,71,83,#ffffff
5fc17afe56d8113424308535,72,83,#ffffff
5fc17afe56d8113424308536,73,83,#ffffff
5fc17afe56d8113424308537,74,83,#ffffff
5fc17afe56d8113424308538,75,83,#ffffff
5fc17afe56d8113424308539,76,83,#ffffff
5fc17afe56d811342430853a,77,83,#ffffff
5fc17afe56d811342430853b,78,83,#ffffff
5fc17afe56d811342430853c,79,83,#ffffff
5fc17afe56d811342430853d,80,83,#ffffff
5fc17afe56d811342430853e,81,83,#ffffff
5fc17afe56d811342430853f,82,83,#ffffff
5fc17afe56d8113424308540,83,83,#ffffff
5fc17afe56d8113424308541,84,83,#ffffff
5fc17afe56d8113424308542,85,83,#ffffff
5fc17afe56d8113424308543,86,83,#ffffff
5fc17afe56d8113424308544,87,83,#ffffff
5fc17afe56d8113424308545,88,83,#ffffff
5fc17afe56d8113424308546,89,83,#ffffff
5fc17afe56d8113424308547,90,83,#ffffff
5fc17afe56d8113424308548,91,83,#ffffff
5fc17afe56d8113424308549,92,83,#ffffff
5fc17afe56d811342430854a,93,83,#ffffff
5fc17afe56d811342430854b,94,83,#ffffff
5fc17afe56d811342430854c,95,83,#ffffff
5fc17afe56d811342430854d,96,83,#ffffff
5fc17afe56d811342430854e,97,83,#ffffff
5fc17afe56d811342430854f,98,83,#ffffff
5fc17afe56d8113424308550,99,83,#ffffff
5fc17afe56d8113424308551,100,83,#ffffff
5fc17afe56d8113424308552,0,84,#ffffff
5fc17afe56d8113424308553,1,84,#ffffff
5fc17afe56d8113424308554,2,84,#ffffff
5fc17afe56d8113424308555,3,84,#ffffff
5fc17afe56d8113424308556,4,84,#ffffff
5fc17afe56d8113424308557,5,84,#ffffff
5fc17afe56d8113424308558,6,84,#ffffff
5fc17afe56d8113424308559,7,84,#ffffff
5fc17afe56d811342430855a,8,84,#ffffff
5fc17afe56d811342430855b,9,84,#ffffff
5fc17afe56d811342430855c,10,84,#ffffff
5fc17afe56d811342430855d,11,84,#ffffff
5fc17afe56d811342430855e,12,84,#ffffff
5fc17afe56d811342430855f,13,84,#ffffff
5fc17afe56d8113424308560,14,84,#ffffff
5fc17afe56d8113424308561,15,84,#ffffff
5fc17afe56d8113424308562,16,84,#ffffff
5fc17afe56d8113424308563,17,84,#ffffff
5fc17afe56d8113424308564,18,84,#ffffff
5fc17afe56d8113424308565,19,84,#ffffff
5fc17afe56d8113424308566,20,84,#ffffff
5fc17afe56d8113424308567,21,84,#ffffff
5fc17afe56d8113424308568,22,84,#ffffff
5fc17afe56d8113424308569,23,84,#ffffff
5fc17afe56d811342430856a,24,84,#ffffff
5fc17afe56d811342430856b,25,84,#ffffff
5fc17afe56d811342430856c,26,84,#ffffff
5fc17afe56d811342430856d,27,84,#ffffff
5fc17afe56d811342430856e,28,84,#ffffff
5fc17afe56d811342430856f,29,84,#ffffff
5fc17afe56d8113424308570,30,84,#ffffff
5fc17afe56d8113424308571,31,84,#ffffff
5fc17afe56d8113424308572,32,84,#ffffff
5fc17afe56d8113424308573,33,84,#ffffff
5fc17afe56d8113424308574,34,84,#ffffff
5fc17afe56d8113424308575,35,84,#ffffff
5fc17afe56d8113424308576,36,84,#ffffff
5fc17afe56d8113424308577,37,84,#ffffff
5fc17afe56d8113424308578,38,84,#ffffff
5fc17afe56d8113424308579,39,84,#ffffff
5fc17afe56d811342430857a,40,84,#ffffff
5fc17afe56d811342430857b,41,84,#ffffff
5fc17afe56d811342430857c,42,84,#ffffff
5fc17afe56d811342430857d,43,84,#ffffff
5fc17afe56d811342430857e,44,84,#ffffff
5fc17afe56d811342430857f,45,84,#ffffff
5fc17afe56d8113424308580,46,84,#ffffff
5fc17afe56d8113424308581,47,84,#ffffff
5fc17afe56d8113424308582,48,84,#ffffff
5fc17afe56d8113424308583,49,84,#ffffff
5fc17afe56d8113424308584,50,84,#ffffff
5fc17afe56d8113424308585,51,84,#ffffff
5fc17afe56d8113424308586,52,84,#ffffff
5fc17afe56d8113424308587,53,84,#ffffff
5fc17afe56d8113424308588,54,84,#ffffff
5fc17afe56d8113424308589,55,84,#ffffff
5fc17afe56d811342430858a,56,84,#ffffff
5fc17afe56d811342430858b,57,84,#ffffff
5fc17afe56d811342430858c,58,84,#ffffff
5fc17afe56d811342430858d,59,84,#ffffff
5fc17afe56d811342430858e,60,84,#ffffff
5fc17afe56d811342430858f,61,84,#ffffff
5fc17afe56d8113424308590,62,84,#ffffff
5fc17afe56d8113424308591,63,84,#ffffff
5fc17afe56d8113424308592,64,84,#ffffff
5fc17afe56d8113424308593,65,84,#ffffff
5fc17afe56d8113424308594,66,84,#ffffff
5fc17afe56d8113424308595,67,84,#ffffff
5fc17afe56d8113424308596,68,84,#ffffff
5fc17afe56d8113424308597,69,84,#ffffff
5fc17afe56d8113424308598,70,84,#ffffff
5fc17afe56d8113424308599,71,84,#ffffff
5fc17afe56d811342430859a,72,84,#ffffff
5fc17afe56d811342430859b,73,84,#ffffff
5fc17afe56d811342430859c,74,84,#ffffff
5fc17afe56d811342430859d,75,84,#ffffff
5fc17afe56d811342430859e,76,84,#ffffff
5fc17afe56d811342430859f,77,84,#ffffff
5fc17afe56d81134243085a0,78,84,#ffffff
5fc17afe56d81134243085a1,79,84,#ffffff
5fc17afe56d81134243085a2,80,84,#ffffff
5fc17afe56d81134243085a3,81,84,#ffffff
5fc17afe56d81134243085a4,82,84,#ffffff
5fc17afe56d81134243085a5,83,84,#ffffff
5fc17afe56d81134243085a6,84,84,#ffffff
5fc17afe56d81134243085a7,85,84,#ffffff
5fc17afe56d81134243085a8,86,84,#ffffff
5fc17afe56d81134243085a9,87,84,#ffffff
5fc17afe56d81134243085aa,88,84,#ffffff
5fc17afe56d81134243085ab,89,84,#ffffff
5fc17afe56d81134243085ac,90,84,#ffffff
5fc17afe56d81134243085ad,91,84,#ffffff
5fc17afe56d81134243085ae,92,84,#ffffff
5fc17afe56d81134243085af,93,84,#ffffff
5fc17afe56d81134243085b0,94,84,#ffffff
5fc17afe56d81134243085b1,95,84,#ffffff
5fc17afe56d81134243085b2,96,84,#ffffff
5fc17afe56d81134243085b3,97,84,#ffffff
5fc17afe56d81134243085b4,98,84,#ffffff
5fc17afe56d81134243085b5,99,84,#ffffff
5fc17afe56d81134243085b6,100,84,#ffffff
5fc17afe56d81134243085b7,0,85,#ffffff
5fc17afe56d81134243085b8,1,85,#ffffff
5fc17afe56d81134243085b9,2,85,#ffffff
5fc17afe56d81134243085ba,3,85,#ffffff
5fc17afe56d81134243085bb,4,85,#ffffff
5fc17afe56d81134243085bc,5,85,#ffffff
5fc17afe56d81134243085bd,6,85,#ffffff
5fc17afe56d81134243085be,7,85,#ffffff
5fc17afe56d81134243085bf,8,85,#ffffff
5fc17afe56d81134243085c0,9,85,#ffffff
5fc17afe56d81134243085c1,10,85,#ffffff
5fc17afe56d81134243085c2,11,85,#ffffff
5fc17afe56d81134243085c3,12,85,#ffffff
5fc17afe56d81134243085c4,13,85,#ffffff
5fc17afe56d81134243085c5,14,85,#ffffff
5fc17afe56d81134243085c6,15,85,#ffffff
5fc17afe56d81134243085c7,16,85,#ffffff
5fc17afe56d81134243085c8,17,85,#ffffff
5fc17afe56d81134243085c9,18,85,#ffffff
5fc17afe56d81134243085ca,19,85,#ffffff
5fc17afe56d81134243085cb,20,85,#ffffff
5fc17afe56d81134243085cc,21,85,#ffffff
5fc17afe56d81134243085cd,22,85,#ffffff
5fc17afe56d81134243085ce,23,85,#ffffff
5fc17afe56d81134243085cf,24,85,#ffffff
5fc17afe56d81134243085d0,25,85,#ffffff
5fc17afe56d81134243085d1,26,85,#ffffff
5fc17afe56d81134243085d2,27,85,#ffffff
5fc17afe56d81134243085d3,28,85,#ffffff
5fc17afe56d81134243085d4,29,85,#ffffff
5fc17afe56d81134243085d5,30,85,#ffffff
5fc17afe56d81134243085d6,31,85,#ffffff
5fc17afe56d81134243085d7,32,85,#ffffff
5fc17afe56d81134243085d8,33,85,#ffffff
5fc17afe56d81134243085d9,34,85,#ffffff
5fc17afe56d81134243085da,35,85,#ffffff
5fc17afe56d81134243085db,36,85,#ffffff
5fc17afe56d81134243085dc,37,85,#ffffff
5fc17afe56d81134243085dd,38,85,#ffffff
5fc17afe56d81134243085de,39,85,#ffffff
5fc17afe56d81134243085df,40,85,#ffffff
5fc17afe56d81134243085e0,41,85,#ffffff
5fc17afe56d81134243085e1,42,85,#ffffff
5fc17afe56d81134243085e2,43,85,#ffffff
5fc17afe56d81134243085e3,44,85,#ffffff
5fc17afe56d81134243085e4,45,85,#ffffff
5fc17afe56d81134243085e5,46,85,#ffffff
5fc17afe56d81134243085e6,47,85,#ffffff
5fc17afe56d81134243085e7,48,85,#ffffff
5fc17afe56d81134243085e8,49,85,#ffffff
5fc17afe56d81134243085e9,50,85,#ffffff
5fc17afe56d81134243085ea,51,85,#ffffff
5fc17afe56d81134243085eb,52,85,#ffffff
5fc17afe56d81134243085ec,53,85,#ffffff
5fc17afe56d81134243085ed,54,85,#ffffff
5fc17afe56d81134243085ee,55,85,#ffffff
5fc17afe56d81134243085ef,56,85,#ffffff
5fc17afe56d81134243085f0,57,85,#ffffff
5fc17afe56d81134243085f1,58,85,#ffffff
5fc17afe56d81134243085f2,59,85,#ffffff
5fc17afe56d81134243085f3,60,85,#ffffff
5fc17afe56d81134243085f4,61,85,#ffffff
5fc17afe56d81134243085f5,62,85,#ffffff
5fc17afe56d81134243085f6,63,85,#ffffff
5fc17afe56d81134243085f7,64,85,#ffffff
5fc17afe56d81134243085f8,65,85,#ffffff
5fc17afe56d81134243085f9,66,85,#ffffff
5fc17afe56d81134243085fa,67,85,#ffffff
5fc17afe56d81134243085fb,68,85,#ffffff
5fc17afe56d81134243085fc,69,85,#ffffff
5fc17afe56d81134243085fd,70,85,#ffffff
5fc17afe56d81134243085fe,71,85,#ffffff
5fc17afe56d81134243085ff,72,85,#ffffff
5fc17afe56d8113424308600,73,85,#ffffff
5fc17afe56d8113424308601,74,85,#ffffff
5fc17afe56d8113424308602,75,85,#ffffff
5fc17afe56d8113424308603,76,85,#ffffff
5fc17afe56d8113424308604,77,85,#ffffff
5fc17afe56d8113424308605,78,85,#ffffff
5fc17afe56d8113424308606,79,85,#ffffff
5fc17afe56d8113424308607,80,85,#ffffff
5fc17afe56d8113424308608,81,85,#ffffff
5fc17afe56d8113424308609,82,85,#ffffff
5fc17afe56d811342430860a,83,85,#ffffff
5fc17afe56d811342430860b,84,85,#ffffff
5fc17afe56d811342430860c,85,85,#ffffff
5fc17afe56d811342430860d,86,85,#ffffff
5fc17afe56d811342430860e,87,85,#ffffff
5fc17afe56d811342430860f,88,85,#ffffff
5fc17afe56d8113424308610,89,85,#ffffff
5fc17afe56d8113424308611,90,85,#ffffff
5fc17afe56d8113424308612,91,85,#ffffff
5fc17afe56d8113424308613,92,85,#ffffff
5fc17afe56d8113424308614,93,85,#ffffff
5fc17afe56d8113424308615,94,85,#ffffff
5fc17afe56d8113424308616,95,85,#ffffff
5fc17afe56d8113424308617,96,85,#ffffff
5fc17afe56d8113424308618,97,85,#ffffff
5fc17afe56d8113424308619,98,85,#ffffff
5fc17afe56d811342430861a,99,85,#ffffff
5fc17afe56d811342430861b,100,85,#ffffff
5fc17afe56d811342430861c,0,86,#ffffff
5fc17afe56d811342430861d,1,86,#ffffff
5fc17afe56d811342430861e,2,86,#ffffff
5fc17afe56d811342430861f,3,86,#ffffff
5fc17afe56d8113424308620,4,86,#ffffff
5fc17afe56d8113424308621,5,86,#ffffff
5fc17afe56d8113424308622,6,86,#ffffff
5fc17afe56d8113424308623,7,86,#ffffff
5fc17afe56d8113424308624,8,86,#ffffff
5fc17afe56d8113424308625,9,86,#ffffff
5fc17afe56d8113424308626,10,86,#ffffff
5fc17afe56d8113424308627,11,86,#ffffff
5fc17afe56d8113424308628,12,86,#ffffff
5fc17afe56d8113424308629,13,86,#ffffff
5fc17afe56d811342430862a,14,86,#ffffff
5fc17afe56d811342430862b,15,86,#ffffff
5fc17afe56d811342430862c,16,86,#ffffff
5fc17afe56d811342430862d,17,86,#ffffff
5fc17afe56d811342430862e,18,86,#ffffff
5fc17afe56d811342430862f,19,86,#ffffff
5fc17afe56d8113424308630,20,86,#ffffff
5fc17afe56d8113424308631,21,86,#ffffff
5fc17afe56d8113424308632,22,86,#ffffff
5fc17afe56d8113424308633,23,86,#ffffff
5fc17afe56d8113424308634,24,86,#ffffff
5fc17afe56d8113424308635,25,86,#ffffff
5fc17afe56d8113424308636,26,86,#ffffff
5fc17afe56d8113424308637,27,86,#ffffff
5fc17afe56d8113424308638,28,86,#ffffff
5fc17afe56d8113424308639,29,86,#ffffff
5fc17afe56d811342430863a,30,86,#ffffff
5fc17afe56d811342430863b,31,86,#ffffff
5fc17afe56d811342430863c,32,86,#ffffff
5fc17afe56d811342430863d,33,86,#ffffff
5fc17afe56d811342430863e,34,86,#ffffff
5fc17afe56d811342430863f,35,86,#ffffff
5fc17afe56d8113424308640,36,86,#ffffff
5fc17afe56d8113424308641,37,86,#ffffff
5fc17afe56d8113424308642,38,86,#ffffff
5fc17afe56d8113424308643,39,86,#ffffff
5fc17afe56d8113424308644,40,86,#ffffff
5fc17afe56d8113424308645,41,86,#ffffff
5fc17afe56d8113424308646,42,86,#ffffff
5fc17afe56d8113424308647,43,86,#ffffff
5fc17afe56d8113424308648,44,86,#ffffff
5fc17afe56d8113424308649,45,86,#ffffff
5fc17afe56d811342430864a,46,86,#ffffff
5fc17afe56d811342430864b,47,86,#ffffff
5fc17afe56d811342430864c,48,86,#ffffff
5fc17afe56d811342430864d,49,86,#ffffff
5fc17afe56d811342430864e,50,86,#ffffff
5fc17afe56d811342430864f,51,86,#ffffff
5fc17afe56d8113424308650,52,86,#ffffff
5fc17afe56d8113424308651,53,86,#ffffff
5fc17afe56d8113424308652,54,86,#ffffff
5fc17afe56d8113424308653,55,86,#ffffff
5fc17afe56d8113424308654,56,86,#ffffff
5fc17afe56d8113424308655,57,86,#ffffff
5fc17afe56d8113424308656,58,86,#ffffff
5fc17afe56d8113424308657,59,86,#ffffff
5fc17afe56d8113424308658,60,86,#ffffff
5fc17afe56d8113424308659,61,86,#ffffff
5fc17afe56d811342430865a,62,86,#ffffff
5fc17afe56d811342430865b,63,86,#ffffff
5fc17afe56d811342430865c,64,86,#ffffff
5fc17afe56d811342430865d,65,86,#ffffff
5fc17afe56d811342430865e,66,86,#ffffff
5fc17afe56d811342430865f,67,86,#ffffff
5fc17afe56d8113424308660,68,86,#ffffff
5fc17afe56d8113424308661,69,86,#ffffff
5fc17afe56d8113424308662,70,86,#ffffff
5fc17afe56d8113424308663,71,86,#ffffff
5fc17afe56d8113424308664,72,86,#ffffff
5fc17afe56d8113424308665,73,86,#ffffff
5fc17afe56d8113424308666,74,86,#ffffff
5fc17afe56d8113424308667,75,86,#ffffff
5fc17afe56d8113424308668,76,86,#ffffff
5fc17afe56d8113424308669,77,86,#ffffff
5fc17afe56d811342430866a,78,86,#ffffff
5fc17afe56d811342430866b,79,86,#ffffff
5fc17afe56d811342430866c,80,86,#ffffff
5fc17afe56d811342430866d,81,86,#ffffff
5fc17afe56d811342430866e,82,86,#ffffff
5fc17afe56d811342430866f,83,86,#ffffff
5fc17afe56d8113424308670,84,86,#ffffff
5fc17afe56d8113424308671,85,86,#ffffff
5fc17afe56d8113424308672,86,86,#ffffff
5fc17afe56d8113424308673,87,86,#ffffff
5fc17afe56d8113424308674,88,86,#ffffff
5fc17afe56d8113424308675,89,86,#ffffff
5fc17afe56d8113424308676,90,86,#ffffff
5fc17afe56d8113424308677,91,86,#ffffff
5fc17afe56d8113424308678,92,86,#ffffff
5fc17afe56d8113424308679,93,86,#ffffff
5fc17afe56d811342430867a,94,86,#ffffff
5fc17afe56d811342430867b,95,86,#ffffff
5fc17afe56d811342430867c,96,86,#ffffff
5fc17afe56d811342430867d,97,86,#ffffff
5fc17afe56d811342430867e,98,86,#ffffff
5fc17afe56d811342430867f,99,86,#ffffff
5fc17afe56d8113424308680,100,86,#ffffff
5fc17afe56d8113424308681,0,87,#ffffff
5fc17afe56d8113424308682,1,87,#ffffff
5fc17afe56d8113424308683,2,87,#ffffff
5fc17afe56d8113424308684,3,87,#ffffff
5fc17afe56d8113424308685,4,87,#ffffff
5fc17afe56d8113424308686,5,87,#ffffff
5fc17afe56d8113424308687,6,87,#ffffff
5fc17afe56d8113424308688,7,87,#ffffff
5fc17afe56d8113424308689,8,87,#ffffff
5fc17afe56d811342430868a,9,87,#ffffff
5fc17afe56d811342430868b,10,87,#ffffff
5fc17afe56d811342430868c,11,87,#ffffff
5fc17afe56d811342430868d,12,87,#ffffff
5fc17afe56d811342430868e,13,87,#ffffff
5fc17afe56d811342430868f,14,87,#ffffff
5fc17afe56d8113424308690,15,87,#ffffff
5fc17afe56d8113424308691,16,87,#ffffff
5fc17afe56d8113424308692,17,87,#ffffff
5fc17afe56d8113424308693,18,87,#ffffff
5fc17afe56d8113424308694,19,87,#ffffff
5fc17afe56d8113424308695,20,87,#ffffff
5fc17afe56d8113424308696,21,87,#ffffff
5fc17afe56d8113424308697,22,87,#ffffff
5fc17afe56d8113424308698,23,87,#ffffff
5fc17afe56d8113424308699,24,87,#ffffff
5fc17afe56d811342430869a,25,87,#ffffff
5fc17afe56d811342430869b,26,87,#ffffff
5fc17afe56d811342430869c,27,87,#ffffff
5fc17afe56d811342430869d,28,87,#ffffff
5fc17afe56d811342430869e,29,87,#ffffff
5fc17afe56d811342430869f,30,87,#ffffff
5fc17afe56d81134243086a0,31,87,#ffffff
5fc17afe56d81134243086a1,32,87,#ffffff
5fc17afe56d81134243086a2,33,87,#ffffff
5fc17afe56d81134243086a3,34,87,#ffffff
5fc17afe56d81134243086a4,35,87,#ffffff
5fc17afe56d81134243086a5,36,87,#ffffff
5fc17afe56d81134243086a6,37,87,#ffffff
5fc17afe56d81134243086a7,38,87,#ffffff
5fc17afe56d81134243086a8,39,87,#ffffff
5fc17afe56d81134243086a9,40,87,#ffffff
5fc17afe56d81134243086aa,41,87,#ffffff
5fc17afe56d81134243086ab,42,87,#ffffff
5fc17afe56d81134243086ac,43,87,#ffffff
5fc17afe56d81134243086ad,44,87,#ffffff
5fc17afe56d81134243086ae,45,87,#ffffff
5fc17afe56d81134243086af,46,87,#ffffff
5fc17afe56d81134243086b0,47,87,#ffffff
5fc17afe56d81134243086b1,48,87,#ffffff
5fc17afe56d81134243086b2,49,87,#ffffff
5fc17afe56d81134243086b3,50,87,#ffffff
5fc17afe56d81134243086b4,51,87,#ffffff
5fc17afe56d81134243086b5,52,87,#ffffff
5fc17afe56d81134243086b6,53,87,#ffffff
5fc17afe56d81134243086b7,54,87,#ffffff
5fc17afe56d81134243086b8,55,87,#ffffff
5fc17afe56d81134243086b9,56,87,#ffffff
5fc17afe56d81134243086ba,57,87,#ffffff
5fc17afe56d81134243086bb,58,87,#ffffff
5fc17afe56d81134243086bc,59,87,#ffffff
5fc17afe56d81134243086bd,60,87,#ffffff
5fc17afe56d81134243086be,61,87,#ffffff
5fc17afe56d81134243086bf,62,87,#ffffff
5fc17afe56d81134243086c0,63,87,#ffffff
5fc17afe56d81134243086c1,64,87,#ffffff
5fc17afe56d81134243086c2,65,87,#ffffff
5fc17afe56d81134243086c3,66,87,#ffffff
5fc17afe56d81134243086c4,67,87,#ffffff
5fc17afe56d81134243086c5,68,87,#ffffff
5fc17afe56d81134243086c6,69,87,#ffffff
5fc17afe56d81134243086c7,70,87,#ffffff
5fc17afe56d81134243086c8,71,87,#ffffff
5fc17afe56d81134243086c9,72,87,#ffffff
5fc17afe56d81134243086ca,73,87,#ffffff
5fc17afe56d81134243086cb,74,87,#ffffff
5fc17afe56d81134243086cc,75,87,#ffffff
5fc17afe56d81134243086cd,76,87,#ffffff
5fc17afe56d81134243086ce,77,87,#ffffff
5fc17afe56d81134243086cf,78,87,#ffffff
5fc17afe56d81134243086d0,79,87,#ffffff
5fc17afe56d81134243086d1,80,87,#ffffff
5fc17afe56d81134243086d2,81,87,#ffffff
5fc17afe56d81134243086d3,82,87,#ffffff
5fc17afe56d81134243086d4,83,87,#ffffff
5fc17afe56d81134243086d5,84,87,#ffffff
5fc17afe56d81134243086d6,85,87,#ffffff
5fc17afe56d81134243086d7,86,87,#ffffff
5fc17afe56d81134243086d8,87,87,#ffffff
5fc17afe56d81134243086d9,88,87,#ffffff
5fc17afe56d81134243086da,89,87,#ffffff
5fc17afe56d81134243086db,90,87,#ffffff
5fc17afe56d81134243086dc,91,87,#ffffff
5fc17afe56d81134243086dd,92,87,#ffffff
5fc17afe56d81134243086de,93,87,#ffffff
5fc17afe56d81134243086df,94,87,#ffffff
5fc17afe56d81134243086e0,95,87,#ffffff
5fc17afe56d81134243086e1,96,87,#ffffff
5fc17afe56d81134243086e2,97,87,#ffffff
5fc17afe56d81134243086e3,98,87,#ffffff
5fc17afe56d81134243086e4,99,87,#ffffff
5fc17afe56d81134243086e5,100,87,#ffffff
5fc17afe56d81134243086e6,0,88,#ffffff
5fc17afe56d81134243086e7,1,88,#ffffff
5fc17afe56d81134243086e8,2,88,#ffffff
5fc17afe56d81134243086e9,3,88,#ffffff
5fc17afe56d81134243086ea,4,88,#ffffff
5fc17afe56d81134243086eb,5,88,#ffffff
5fc17afe56d81134243086ec,6,88,#ffffff
5fc17afe56d81134243086ed,7,88,#ffffff
5fc17afe56d81134243086ee,8,88,#ffffff
5fc17afe56d81134243086ef,9,88,#ffffff
5fc17afe56d81134243086f0,10,88,#ffffff
5fc17afe56d81134243086f1,11,88,#ffffff
5fc17afe56d81134243086f2,12,88,#ffffff
5fc17afe56d81134243086f3,13,88,#ffffff
5fc17afe56d81134243086f4,14,88,#ffffff
5fc17afe56d81134243086f5,15,88,#ffffff
5fc17afe56d81134243086f6,16,88,#ffffff
5fc17afe56d81134243086f7,17,88,#ffffff
5fc17afe56d81134243086f8,18,88,#ffffff
5fc17afe56d81134243086f9,19,88,#ffffff
5fc17afe56d81134243086fa,20,88,#ffffff
5fc17afe56d81134243086fb,21,88,#ffffff
5fc17afe56d81134243086fc,22,88,#ffffff
5fc17afe56d81134243086fd,23,88,#ffffff
5fc17afe56d81134243086fe,24,88,#ffffff
5fc17afe56d81134243086ff,25,88,#ffffff
5fc17afe56d8113424308700,26,88,#ffffff
5fc17afe56d8113424308701,27,88,#ffffff
5fc17afe56d8113424308702,28,88,#ffffff
5fc17afe56d8113424308703,29,88,#ffffff
5fc17afe56d8113424308704,30,88,#ffffff
5fc17afe56d8113424308705,31,88,#ffffff
5fc17afe56d8113424308706,32,88,#ffffff
5fc17afe56d8113424308707,33,88,#ffffff
5fc17afe56d8113424308708,34,88,#ffffff
5fc17afe56d8113424308709,35,88,#ffffff
5fc17afe56d811342430870a,36,88,#ffffff
5fc17afe56d811342430870b,37,88,#ffffff
5fc17afe56d811342430870c,38,88,#ffffff
5fc17afe56d811342430870d,39,88,#ffffff
5fc17afe56d811342430870e,40,88,#ffffff
5fc17afe56d811342430870f,41,88,#ffffff
5fc17afe56d8113424308710,42,88,#ffffff
5fc17afe56d8113424308711,43,88,#ffffff
5fc17afe56d8113424308712,44,88,#ffffff
5fc17afe56d8113424308713,45,88,#ffffff
5fc17afe56d8113424308714,46,88,#ffffff
5fc17afe56d8113424308715,47,88,#ffffff
5fc17afe56d8113424308716,48,88,#ffffff
5fc17afe56d8113424308717,49,88,#ffffff
5fc17afe56d8113424308718,50,88,#ffffff
5fc17afe56d8113424308719,51,88,#ffffff
5fc17afe56d811342430871a,52,88,#ffffff
5fc17afe56d811342430871b,53,88,#ffffff
5fc17afe56d811342430871c,54,88,#ffffff
5fc17afe56d811342430871d,55,88,#ffffff
5fc17afe56d811342430871e,56,88,#ffffff
5fc17afe56d811342430871f,57,88,#ffffff
5fc17afe56d8113424308720,58,88,#ffffff
5fc17afe56d8113424308721,59,88,#ffffff
5fc17afe56d8113424308722,60,88,#ffffff
5fc17afe56d8113424308723,61,88,#ffffff
5fc17afe56d8113424308724,62,88,#ffffff
5fc17afe56d8113424308725,63,88,#ffffff
5fc17afe56d8113424308726,64,88,#ffffff
5fc17afe56d8113424308727,65,88,#ffffff
5fc17afe56d8113424308728,66,88,#ffffff
5fc17afe56d8113424308729,67,88,#ffffff
5fc17afe56d811342430872a,68,88,#ffffff
5fc17afe56d811342430872b,69,88,#ffffff
5fc17afe56d811342430872c,70,88,#ffffff
5fc17afe56d811342430872d,71,88,#ffffff
5fc17afe56d811342430872e,72,88,#ffffff
5fc17afe56d811342430872f,73,88,#ffffff
5fc17afe56d8113424308730,74,88,#ffffff
5fc17afe56d8113424308731,75,88,#ffffff
5fc17afe56d8113424308732,76,88,#ffffff
5fc17afe56d8113424308733,77,88,#ffffff
5fc17afe56d8113424308734,78,88,#ffffff
5fc17afe56d8113424308735,79,88,#ffffff
5fc17afe56d8113424308736,80,88,#ffffff
5fc17afe56d8113424308737,81,88,#ffffff
5fc17afe56d8113424308738,82,88,#ffffff
5fc17afe56d8113424308739,83,88,#ffffff
5fc17afe56d811342430873a,84,88,#ffffff
5fc17afe56d811342430873b,85,88,#ffffff
5fc17afe56d811342430873c,86,88,#ffffff
5fc17afe56d811342430873d,87,88,#ffffff
5fc17afe56d811342430873e,88,88,#ffffff
5fc17afe56d811342430873f,89,88,#ffffff
5fc17afe56d8113424308740,90,88,#ffffff
5fc17afe56d8113424308741,91,88,#ffffff
5fc17afe56d8113424308742,92,88,#ffffff
5fc17afe56d8113424308743,93,88,#ffffff
5fc17afe56d8113424308744,94,88,#ffffff
5fc17afe56d8113424308745,95,88,#ffffff
5fc17afe56d8113424308746,96,88,#ffffff
5fc17afe56d8113424308747,97,88,#ffffff
5fc17afe56d8113424308748,98,88,#ffffff
5fc17afe56d8113424308749,99,88,#ffffff
5fc17afe56d811342430874a,100,88,#ffffff
5fc17afe56d811342430874b,0,89,#ffffff
5fc17afe56d811342430874c,1,89,#ffffff
5fc17afe56d811342430874d,2,89,#ffffff
5fc17afe56d811342430874e,3,89,#ffffff
5fc17afe56d811342430874f,4,89,#ffffff
5fc17afe56d8113424308750,5,89,#ffffff
5fc17afe56d8113424308751,6,89,#ffffff
5fc17afe56d8113424308752,7,89,#ffffff
5fc17afe56d8113424308753,8,89,#ffffff
5fc17afe56d8113424308754,9,89,#ffffff
5fc17afe56d8113424308755,10,89,#ffffff
5fc17afe56d8113424308756,11,89,#ffffff
5fc17afe56d8113424308757,12,89,#ffffff
5fc17afe56d8113424308758,13,89,#ffffff
5fc17afe56d8113424308759,14,89,#ffffff
5fc17afe56d811342430875a,15,89,#ffffff
5fc17afe56d811342430875b,16,89,#ffffff
5fc17afe56d811342430875c,17,89,#ffffff
5fc17afe56d811342430875d,18,89,#ffffff
5fc17afe56d811342430875e,19,89,#ffffff
5fc17afe56d811342430875f,20,89,#ffffff
5fc17afe56d8113424308760,21,89,#ffffff
5fc17afe56d8113424308761,22,89,#ffffff
5fc17afe56d8113424308762,23,89,#ffffff
5fc17afe56d8113424308763,24,89,#ffffff
5fc17afe56d8113424308764,25,89,#ffffff
5fc17afe56d8113424308765,26,89,#ffffff
5fc17afe56d8113424308766,27,89,#ffffff
5fc17afe56d8113424308767,28,89,#ffffff
5fc17afe56d8113424308768,29,89,#ffffff
5fc17afe56d8113424308769,30,89,#ffffff
5fc17afe56d811342430876a,31,89,#ffffff
5fc17afe56d811342430876b,32,89,#ffffff
5fc17afe56d811342430876c,33,89,#ffffff
5fc17afe56d811342430876d,34,89,#ffffff
5fc17afe56d811342430876e,35,89,#ffffff
5fc17afe56d811342430876f,36,89,#ffffff
5fc17afe56d8113424308770,37,89,#ffffff
5fc17afe56d8113424308771,38,89,#ffffff
5fc17afe56d8113424308772,39,89,#ffffff
5fc17afe56d8113424308773,40,89,#ffffff
5fc17afe56d8113424308774,41,89,#ffffff
5fc17afe56d8113424308775,42,89,#ffffff
5fc17afe56d8113424308776,43,89,#ffffff
5fc17afe56d8113424308777,44,89,#ffffff
5fc17afe56d8113424308778,45,89,#ffffff
5fc17afe56d8113424308779,46,89,#ffffff
5fc17afe56d811342430877a,47,89,#ffffff
5fc17afe56d811342430877b,48,89,#ffffff
5fc17afe56d811342430877c,49,89,#ffffff
5fc17afe56d811342430877d,50,89,#ffffff
5fc17afe56d811342430877e,51,89,#ffffff
5fc17afe56d811342430877f,52,89,#ffffff
5fc17afe56d8113424308780,53,89,#ffffff
5fc17afe56d8113424308781,54,89,#ffffff
5fc17afe56d8113424308782,55,89,#ffffff
5fc17afe56d8113424308783,56,89,#ffffff
5fc17afe56d8113424308784,57,89,#ffffff
5fc17afe56d8113424308785,58,89,#ffffff
5fc17afe56d8113424308786,59,89,#ffffff
5fc17afe56d8113424308787,60,89,#ffffff
5fc17afe56d8113424308788,61,89,#ffffff
5fc17afe56d8113424308789,62,89,#ffffff
5fc17afe56d811342430878a,63,89,#ffffff
5fc17afe56d811342430878b,64,89,#ffffff
5fc17afe56d811342430878c,65,89,#ffffff
5fc17afe56d811342430878d,66,89,#ffffff
5fc17afe56d811342430878e,67,89,#ffffff
5fc17afe56d811342430878f,68,89,#ffffff
5fc17afe56d8113424308790,69,89,#ffffff
5fc17afe56d8113424308791,70,89,#ffffff
5fc17afe56d8113424308792,71,89,#ffffff
5fc17afe56d8113424308793,72,89,#ffffff
5fc17afe56d8113424308794,73,89,#ffffff
5fc17afe56d8113424308795,74,89,#ffffff
5fc17afe56d8113424308796,75,89,#ffffff
5fc17afe56d8113424308797,76,89,#ffffff
5fc17afe56d8113424308798,77,89,#ffffff
5fc17afe56d8113424308799,78,89,#ffffff
5fc17afe56d811342430879a,79,89,#ffffff
5fc17afe56d811342430879b,80,89,#ffffff
5fc17afe56d811342430879c,81,89,#ffffff
5fc17afe56d811342430879d,82,89,#ffffff
5fc17afe56d811342430879e,83,89,#ffffff
5fc17afe56d811342430879f,84,89,#ffffff
5fc17afe56d81134243087a0,85,89,#ffffff
5fc17afe56d81134243087a1,86,89,#ffffff
5fc17afe56d81134243087a2,87,89,#ffffff
5fc17afe56d81134243087a3,88,89,#ffffff
5fc17afe56d81134243087a4,89,89,#ffffff
5fc17afe56d81134243087a5,90,89,#ffffff
5fc17afe56d81134243087a6,91,89,#ffffff
5fc17afe56d81134243087a7,92,89,#ffffff
5fc17afe56d81134243087a8,93,89,#ffffff
5fc17afe56d81134243087a9,94,89,#ffffff
5fc17afe56d81134243087aa,95,89,#ffffff
5fc17afe56d81134243087ab,96,89,#ffffff
5fc17afe56d81134243087ac,97,89,#ffffff
5fc17afe56d81134243087ad,98,89,#ffffff
5fc17afe56d81134243087ae,99,89,#ffffff
5fc17afe56d81134243087af,100,89,#ffffff
5fc17afe56d81134243087b0,0,90,#ffffff
5fc17afe56d81134243087b1,1,90,#ffffff
5fc17afe56d81134243087b2,2,90,#ffffff
5fc17afe56d81134243087b3,3,90,#ffffff
5fc17afe56d81134243087b4,4,90,#ffffff
5fc17afe56d81134243087b5,5,90,#ffffff
5fc17afe56d81134243087b6,6,90,#ffffff
5fc17afe56d81134243087b7,7,90,#ffffff
5fc17afe56d81134243087b8,8,90,#ffffff
5fc17afe56d81134243087b9,9,90,#ffffff
5fc17afe56d81134243087ba,10,90,#ffffff
5fc17afe56d81134243087bb,11,90,#ffffff
5fc17afe56d81134243087bc,12,90,#ffffff
5fc17afe56d81134243087bd,13,90,#ffffff
5fc17afe56d81134243087be,14,90,#ffffff
5fc17afe56d81134243087bf,15,90,#ffffff
5fc17afe56d81134243087c0,16,90,#ffffff
5fc17afe56d81134243087c1,17,90,#ffffff
5fc17afe56d81134243087c2,18,90,#ffffff
5fc17afe56d81134243087c3,19,90,#ffffff
5fc17afe56d81134243087c4,20,90,#ffffff
5fc17afe56d81134243087c5,21,90,#ffffff
5fc17afe56d81134243087c6,22,90,#ffffff
5fc17afe56d81134243087c7,23,90,#ffffff
5fc17afe56d81134243087c8,24,90,#ffffff
5fc17afe56d81134243087c9,25,90,#ffffff
5fc17afe56d81134243087ca,26,90,#ffffff
5fc17afe56d81134243087cb,27,90,#ffffff
5fc17afe56d81134243087cc,28,90,#ffffff
5fc17afe56d81134243087cd,29,90,#ffffff
5fc17afe56d81134243087ce,30,90,#ffffff
5fc17afe56d81134243087cf,31,90,#ffffff
5fc17afe56d81134243087d0,32,90,#ffffff
5fc17afe56d81134243087d1,33,90,#ffffff
5fc17afe56d81134243087d2,34,90,#ffffff
5fc17afe56d81134243087d3,35,90,#ffffff
5fc17afe56d81134243087d4,36,90,#ffffff
5fc17afe56d81134243087d5,37,90,#ffffff
5fc17afe56d81134243087d6,38,90,#ffffff
5fc17afe56d81134243087d7,39,90,#ffffff
5fc17afe56d81134243087d8,40,90,#ffffff
5fc17afe56d81134243087d9,41,90,#ffffff
5fc17afe56d81134243087da,42,90,#ffffff
5fc17afe56d81134243087db,43,90,#ffffff
5fc17afe56d81134243087dc,44,90,#ffffff
5fc17afe56d81134243087dd,45,90,#ffffff
5fc17afe56d81134243087de,46,90,#ffffff
5fc17afe56d81134243087df,47,90,#ffffff
5fc17afe56d81134243087e0,48,90,#ffffff
5fc17afe56d81134243087e1,49,90,#ffffff
5fc17afe56d81134243087e2,50,90,#ffffff
5fc17afe56d81134243087e3,51,90,#ffffff
5fc17afe56d81134243087e4,52,90,#ffffff
5fc17afe56d81134243087e5,53,90,#ffffff
5fc17afe56d81134243087e6,54,90,#ffffff
5fc17afe56d81134243087e7,55,90,#ffffff
5fc17afe56d81134243087e8,56,90,#ffffff
5fc17afe56d81134243087e9,57,90,#ffffff
5fc17afe56d81134243087ea,58,90,#ffffff
5fc17afe56d81134243087eb,59,90,#ffffff
5fc17afe56d81134243087ec,60,90,#ffffff
5fc17afe56d81134243087ed,61,90,#ffffff
5fc17afe56d81134243087ee,62,90,#ffffff
5fc17afe56d81134243087ef,63,90,#ffffff
5fc17afe56d81134243087f0,64,90,#ffffff
5fc17afe56d81134243087f1,65,90,#ffffff
5fc17afe56d81134243087f2,66,90,#ffffff
5fc17afe56d81134243087f3,67,90,#ffffff
5fc17afe56d81134243087f4,68,90,#ffffff
5fc17afe56d81134243087f5,69,90,#ffffff
5fc17afe56d81134243087f6,70,90,#ffffff
5fc17afe56d81134243087f7,71,90,#ffffff
5fc17afe56d81134243087f8,72,90,#ffffff
5fc17afe56d81134243087f9,73,90,#ffffff
5fc17afe56d81134243087fa,74,90,#ffffff
5fc17afe56d81134243087fb,75,90,#ffffff
5fc17afe56d81134243087fc,76,90,#ffffff
5fc17afe56d81134243087fd,77,90,#ffffff
5fc17afe56d81134243087fe,78,90,#ffffff
5fc17afe56d81134243087ff,79,90,#ffffff
5fc17afe56d8113424308800,80,90,#ffffff
5fc17afe56d8113424308801,81,90,#ffffff
5fc17afe56d8113424308802,82,90,#ffffff
5fc17afe56d8113424308803,83,90,#ffffff
5fc17afe56d8113424308804,84,90,#ffffff
5fc17afe56d8113424308805,85,90,#ffffff
5fc17afe56d8113424308806,86,90,#ffffff
5fc17afe56d8113424308807,87,90,#ffffff
5fc17afe56d8113424308808,88,90,#ffffff
5fc17afe56d8113424308809,89,90,#ffffff
5fc17afe56d811342430880a,90,90,#ffffff
5fc17afe56d811342430880b,91,90,#ffffff
5fc17afe56d811342430880c,92,90,#ffffff
5fc17afe56d811342430880d,93,90,#ffffff
5fc17afe56d811342430880e,94,90,#ffffff
5fc17afe56d811342430880f,95,90,#ffffff
5fc17afe56d8113424308810,96,90,#ffffff
5fc17afe56d8113424308811,97,90,#ffffff
5fc17afe56d8113424308812,98,90,#ffffff
5fc17afe56d8113424308813,99,90,#ffffff
5fc17afe56d8113424308814,100,90,#ffffff
5fc17afe56d8113424308815,0,91,#ffffff
5fc17afe56d8113424308816,1,91,#ffffff
5fc17afe56d8113424308817,2,91,#ffffff
5fc17afe56d8113424308818,3,91,#ffffff
5fc17afe56d8113424308819,4,91,#ffffff
5fc17afe56d811342430881a,5,91,#ffffff
5fc17afe56d811342430881b,6,91,#ffffff
5fc17afe56d811342430881c,7,91,#ffffff
5fc17afe56d811342430881d,8,91,#ffffff
5fc17afe56d811342430881e,9,91,#ffffff
5fc17afe56d811342430881f,10,91,#ffffff
5fc17afe56d8113424308820,11,91,#ffffff
5fc17afe56d8113424308821,12,91,#ffffff
5fc17afe56d8113424308822,13,91,#ffffff
5fc17afe56d8113424308823,14,91,#ffffff
5fc17afe56d8113424308824,15,91,#ffffff
5fc17afe56d8113424308825,16,91,#ffffff
5fc17afe56d8113424308826,17,91,#ffffff
5fc17afe56d8113424308827,18,91,#ffffff
5fc17afe56d8113424308828,19,91,#ffffff
5fc17afe56d8113424308829,20,91,#ffffff
5fc17afe56d811342430882a,21,91,#ffffff
5fc17afe56d811342430882b,22,91,#ffffff
5fc17afe56d811342430882c,23,91,#ffffff
5fc17afe56d811342430882d,24,91,#ffffff
5fc17afe56d811342430882e,25,91,#ffffff
5fc17afe56d811342430882f,26,91,#ffffff
5fc17afe56d8113424308830,27,91,#ffffff
5fc17afe56d8113424308831,28,91,#ffffff
5fc17afe56d8113424308832,29,91,#ffffff
5fc17afe56d8113424308833,30,91,#ffffff
5fc17afe56d8113424308834,31,91,#ffffff
5fc17afe56d8113424308835,32,91,#ffffff
5fc17afe56d8113424308836,33,91,#ffffff
5fc17afe56d8113424308837,34,91,#ffffff
5fc17afe56d8113424308838,35,91,#ffffff
5fc17afe56d8113424308839,36,91,#ffffff
5fc17afe56d811342430883a,37,91,#ffffff
5fc17afe56d811342430883b,38,91,#ffffff
5fc17afe56d811342430883c,39,91,#ffffff
5fc17afe56d811342430883d,40,91,#ffffff
5fc17afe56d811342430883e,41,91,#ffffff
5fc17afe56d811342430883f,42,91,#ffffff
5fc17afe56d8113424308840,43,91,#ffffff
5fc17afe56d8113424308841,44,91,#ffffff
5fc17afe56d8113424308842,45,91,#ffffff
5fc17afe56d8113424308843,46,91,#ffffff
5fc17afe56d8113424308844,47,91,#ffffff
5fc17afe56d8113424308845,48,91,#ffffff
5fc17afe56d8113424308846,49,91,#ffffff
5fc17afe56d8113424308847,50,91,#ffffff
5fc17afe56d8113424308848,51,91,#ffffff
5fc17afe56d8113424308849,52,91,#ffffff
5fc17afe56d811342430884a,53,91,#ffffff
5fc17afe56d811342430884b,54,91,#ffffff
5fc17afe56d811342430884c,55,91,#ffffff
5fc17afe56d811342430884d,56,91,#ffffff
5fc17afe56d811342430884e,57,91,#ffffff
5fc17afe56d811342430884f,58,91,#ffffff
5fc17afe56d8113424308850,59,91,#ffffff
5fc17afe56d8113424308851,60,91,#ffffff
5fc17afe56d8113424308852,61,91,#ffffff
5fc17afe56d8113424308853,62,91,#ffffff
5fc17afe56d8113424308854,63,91,#ffffff
5fc17afe56d8113424308855,64,91,#ffffff
5fc17afe56d8113424308856,65,91,#ffffff
5fc17afe56d8113424308857,66,91,#ffffff
5fc17afe56d8113424308858,67,91,#ffffff
5fc17afe56d8113424308859,68,91,#ffffff
5fc17afe56d811342430885a,69,91,#ffffff
5fc17afe56d811342430885b,70,91,#ffffff
5fc17afe56d811342430885c,71,91,#ffffff
5fc17afe56d811342430885d,72,91,#ffffff
5fc17afe56d811342430885e,73,91,#ffffff
5fc17afe56d811342430885f,74,91,#ffffff
5fc17afe56d8113424308860,75,91,#ffffff
5fc17afe56d8113424308861,76,91,#ffffff
5fc17afe56d8113424308862,77,91,#ffffff
5fc17afe56d8113424308863,78,91,#ffffff
5fc17afe56d8113424308864,79,91,#ffffff
5fc17afe56d8113424308865,80,91,#ffffff
5fc17afe56d8113424308866,81,91,#ffffff
5fc17afe56d8113424308867,82,91,#ffffff
5fc17afe56d8113424308868,83,91,#ffffff
5fc17afe56d8113424308869,84,91,#ffffff
5fc17afe56d811342430886a,85,91,#ffffff
5fc17afe56d811342430886b,86,91,#ffffff
5fc17afe56d811342430886c,87,91,#ffffff
5fc17afe56d811342430886d,88,91,#ffffff
5fc17afe56d811342430886e,89,91,#ffffff
5fc17afe56d811342430886f,90,91,#ffffff
5fc17afe56d8113424308870,91,91,#ffffff
5fc17afe56d8113424308871,92,91,#ffffff
5fc17afe56d8113424308872,93,91,#ffffff
5fc17afe56d8113424308873,94,91,#ffffff
5fc17afe56d8113424308874,95,91,#ffffff
5fc17afe56d8113424308875,96,91,#ffffff
5fc17afe56d8113424308876,97,91,#ffffff
5fc17afe56d8113424308877,98,91,#ffffff
5fc17afe56d8113424308878,99,91,#ffffff
5fc17afe56d8113424308879,100,91,#ffffff
5fc17afe56d811342430887a,0,92,#ffffff
5fc17afe56d811342430887b,1,92,#ffffff
5fc17afe56d811342430887c,2,92,#ffffff
5fc17afe56d811342430887d,3,92,#ffffff
5fc17afe56d811342430887e,4,92,#ffffff
5fc17afe56d811342430887f,5,92,#ffffff
5fc17afe56d8113424308880,6,92,#ffffff
5fc17afe56d8113424308881,7,92,#ffffff
5fc17afe56d8113424308882,8,92,#ffffff
5fc17afe56d8113424308883,9,92,#ffffff
5fc17afe56d8113424308884,10,92,#ffffff
5fc17afe56d8113424308885,11,92,#ffffff
5fc17afe56d8113424308886,12,92,#ffffff
5fc17afe56d8113424308887,13,92,#ffffff
5fc17afe56d8113424308888,14,92,#ffffff
5fc17afe56d8113424308889,15,92,#ffffff
5fc17afe56d811342430888a,16,92,#ffffff
5fc17afe56d811342430888b,17,92,#ffffff
5fc17afe56d811342430888c,18,92,#ffffff
5fc17afe56d811342430888d,19,92,#ffffff
5fc17afe56d811342430888e,20,92,#ffffff
5fc17afe56d811342430888f,21,92,#ffffff
5fc17afe56d8113424308890,22,92,#ffffff
5fc17afe56d8113424308891,23,92,#ffffff
5fc17afe56d8113424308892,24,92,#ffffff
5fc17afe56d8113424308893,25,92,#ffffff
5fc17afe56d8113424308894,26,92,#ffffff
5fc17afe56d8113424308895,27,92,#ffffff
5fc17afe56d8113424308896,28,92,#ffffff
5fc17afe56d8113424308897,29,92,#ffffff
5fc17afe56d8113424308898,30,92,#ffffff
5fc17afe56d8113424308899,31,92,#ffffff
5fc17afe56d811342430889a,32,92,#ffffff
5fc17afe56d811342430889b,33,92,#ffffff
5fc17afe56d811342430889c,34,92,#ffffff
5fc17afe56d811342430889d,35,92,#ffffff
5fc17afe56d811342430889e,36,92,#ffffff
5fc17afe56d811342430889f,37,92,#ffffff
5fc17afe56d81134243088a0,38,92,#ffffff
5fc17afe56d81134243088a1,39,92,#ffffff
5fc17afe56d81134243088a2,40,92,#ffffff
5fc17afe56d81134243088a3,41,92,#ffffff
5fc17afe56d81134243088a4,42,92,#ffffff
5fc17afe56d81134243088a5,43,92,#ffffff
5fc17afe56d81134243088a6,44,92,#ffffff
5fc17afe56d81134243088a7,45,92,#ffffff
5fc17afe56d81134243088a8,46,92,#ffffff
5fc17afe56d81134243088a9,47,92,#ffffff
5fc17afe56d81134243088aa,48,92,#ffffff
5fc17afe56d81134243088ab,49,92,#ffffff
5fc17afe56d81134243088ac,50,92,#ffffff
5fc17afe56d81134243088ad,51,92,#ffffff
5fc17afe56d81134243088ae,52,92,#ffffff
5fc17afe56d81134243088af,53,92,#ffffff
5fc17afe56d81134243088b0,54,92,#ffffff
5fc17afe56d81134243088b1,55,92,#ffffff
5fc17afe56d81134243088b2,56,92,#ffffff
5fc17afe56d81134243088b3,57,92,#ffffff
5fc17afe56d81134243088b4,58,92,#ffffff
5fc17afe56d81134243088b5,59,92,#ffffff
5fc17afe56d81134243088b6,60,92,#ffffff
5fc17afe56d81134243088b7,61,92,#ffffff
5fc17afe56d81134243088b8,62,92,#ffffff
5fc17afe56d81134243088b9,63,92,#ffffff
5fc17afe56d81134243088ba,64,92,#ffffff
5fc17afe56d81134243088bb,65,92,#ffffff
5fc17afe56d81134243088bc,66,92,#ffffff
5fc17afe56d81134243088bd,67,92,#ffffff
5fc17afe56d81134243088be,68,92,#ffffff
5fc17afe56d81134243088bf,69,92,#ffffff
5fc17afe56d81134243088c0,70,92,#ffffff
5fc17afe56d81134243088c1,71,92,#ffffff
5fc17afe56d81134243088c2,72,92,#ffffff
5fc17afe56d81134243088c3,73,92,#ffffff
5fc17afe56d81134243088c4,74,92,#ffffff
5fc17afe56d81134243088c5,75,92,#ffffff
5fc17afe56d81134243088c6,76,92,#ffffff
5fc17afe56d81134243088c7,77,92,#ffffff
5fc17afe56d81134243088c8,78,92,#ffffff
5fc17afe56d81134243088c9,79,92,#ffffff
5fc17afe56d81134243088ca,80,92,#ffffff
5fc17afe56d81134243088cb,81,92,#ffffff
5fc17afe56d81134243088cc,82,92,#ffffff
5fc17afe56d81134243088cd,83,92,#ffffff
5fc17afe56d81134243088ce,84,92,#ffffff
5fc17afe56d81134243088cf,85,92,#ffffff
5fc17afe56d81134243088d0,86,92,#ffffff
5fc17afe56d81134243088d1,87,92,#ffffff
5fc17afe56d81134243088d2,88,92,#ffffff
5fc17afe56d81134243088d3,89,92,#ffffff
5fc17afe56d81134243088d4,90,92,#ffffff
5fc17afe56d81134243088d5,91,92,#ffffff
5fc17afe56d81134243088d6,92,92,#ffffff
5fc17afe56d81134243088d7,93,92,#ffffff
5fc17afe56d81134243088d8,94,92,#ffffff
5fc17afe56d81134243088d9,95,92,#ffffff
5fc17afe56d81134243088da,96,92,#ffffff
5fc17afe56d81134243088db,97,92,#ffffff
5fc17afe56d81134243088dc,98,92,#ffffff
5fc17afe56d81134243088dd,99,92,#ffffff
5fc17afe56d81134243088de,100,92,#ffffff
5fc17afe56d81134243088df,0,93,#ffffff
5fc17afe56d81134243088e0,1,93,#ffffff
5fc17afe56d81134243088e1,2,93,#ffffff
5fc17afe56d81134243088e2,3,93,#ffffff
5fc17afe56d81134243088e3,4,93,#ffffff
5fc17afe56d81134243088e4,5,93,#ffffff
5fc17afe56d81134243088e5,6,93,#ffffff
5fc17afe56d81134243088e6,7,93,#ffffff
5fc17afe56d81134243088e7,8,93,#ffffff
5fc17afe56d81134243088e8,9,93,#ffffff
5fc17afe56d81134243088e9,10,93,#ffffff
5fc17afe56d81134243088ea,11,93,#ffffff
5fc17afe56d81134243088eb,12,93,#ffffff
5fc17afe56d81134243088ec,13,93,#ffffff
5fc17afe56d81134243088ed,14,93,#ffffff
5fc17afe56d81134243088ee,15,93,#ffffff
5fc17afe56d81134243088ef,16,93,#ffffff
5fc17afe56d81134243088f0,17,93,#ffffff
5fc17afe56d81134243088f1,18,93,#ffffff
5fc17afe56d81134243088f2,19,93,#ffffff
5fc17afe56d81134243088f3,20,93,#ffffff
5fc17afe56d81134243088f4,21,93,#ffffff
5fc17afe56d81134243088f5,22,93,#ffffff
5fc17afe56d81134243088f6,23,93,#ffffff
5fc17afe56d81134243088f7,24,93,#ffffff
5fc17afe56d81134243088f8,25,93,#ffffff
5fc17afe56d81134243088f9,26,93,#ffffff
5fc17afe56d81134243088fa,27,93,#ffffff
5fc17afe56d81134243088fb,28,93,#ffffff
5fc17afe56d81134243088fc,29,93,#ffffff
5fc17afe56d81134243088fd,30,93,#ffffff
5fc17afe56d81134243088fe,31,93,#ffffff
5fc17afe56d81134243088ff,32,93,#ffffff
5fc17afe56d8113424308900,33,93,#ffffff
5fc17afe56d8113424308901,34,93,#ffffff
5fc17afe56d8113424308902,35,93,#ffffff
5fc17afe56d8113424308903,36,93,#ffffff
5fc17afe56d8113424308904,37,93,#ffffff
5fc17afe56d8113424308905,38,93,#ffffff
5fc17afe56d8113424308906,39,93,#ffffff
5fc17afe56d8113424308907,40,93,#ffffff
5fc17afe56d8113424308908,41,93,#ffffff
5fc17afe56d8113424308909,42,93,#ffffff
5fc17afe56d811342430890a,43,93,#ffffff
5fc17afe56d811342430890b,44,93,#ffffff
5fc17afe56d811342430890c,45,93,#ffffff
5fc17afe56d811342430890d,46,93,#ffffff
5fc17afe56d811342430890e,47,93,#ffffff
5fc17afe56d811342430890f,48,93,#ffffff
5fc17afe56d8113424308910,49,93,#ffffff
5fc17afe56d8113424308911,50,93,#ffffff
5fc17afe56d8113424308912,51,93,#ffffff
5fc17afe56d8113424308913,52,93,#ffffff
5fc17afe56d8113424308914,53,93,#ffffff
5fc17afe56d8113424308915,54,93,#ffffff
5fc17afe56d8113424308916,55,93,#ffffff
5fc17afe56d8113424308917,56,93,#ffffff
5fc17afe56d8113424308918,57,93,#ffffff
5fc17afe56d8113424308919,58,93,#ffffff
5fc17afe56d811342430891a,59,93,#ffffff
5fc17afe56d811342430891b,60,93,#ffffff
5fc17afe56d811342430891c,61,93,#ffffff
5fc17afe56d811342430891d,62,93,#ffffff
5fc17afe56d811342430891e,63,93,#ffffff
5fc17afe56d811342430891f,64,93,#ffffff
5fc17afe56d8113424308920,65,93,#ffffff
5fc17afe56d8113424308921,66,93,#ffffff
5fc17afe56d8113424308922,67,93,#ffffff
5fc17afe56d8113424308923,68,93,#ffffff
5fc17afe56d8113424308924,69,93,#ffffff
5fc17afe56d8113424308925,70,93,#ffffff
5fc17afe56d8113424308926,71,93,#ffffff
5fc17afe56d8113424308927,72,93,#ffffff
5fc17afe56d8113424308928,73,93,#ffffff
5fc17afe56d8113424308929,74,93,#ffffff
5fc17afe56d811342430892a,75,93,#ffffff
5fc17afe56d811342430892b,76,93,#ffffff
5fc17afe56d811342430892c,77,93,#ffffff
5fc17afe56d811342430892d,78,93,#ffffff
5fc17afe56d811342430892e,79,93,#ffffff
5fc17afe56d811342430892f,80,93,#ffffff
5fc17afe56d8113424308930,81,93,#ffffff
5fc17afe56d8113424308931,82,93,#ffffff
5fc17afe56d8113424308932,83,93,#ffffff
5fc17afe56d8113424308933,84,93,#ffffff
5fc17afe56d8113424308934,85,93,#ffffff
5fc17afe56d8113424308935,86,93,#ffffff
5fc17afe56d8113424308936,87,93,#ffffff
5fc17afe56d8113424308937,88,93,#ffffff
5fc17afe56d8113424308938,89,93,#ffffff
5fc17afe56d8113424308939,90,93,#ffffff
5fc17afe56d811342430893a,91,93,#ffffff
5fc17afe56d811342430893b,92,93,#ffffff
5fc17afe56d811342430893c,93,93,#ffffff
5fc17afe56d811342430893d,94,93,#ffffff
5fc17afe56d811342430893e,95,93,#ffffff
5fc17afe56d811342430893f,96,93,#ffffff
5fc17afe56d8113424308940,97,93,#ffffff
5fc17afe56d8113424308941,98,93,#ffffff
5fc17afe56d8113424308942,99,93,#ffffff
5fc17afe56d8113424308943,100,93,#ffffff
5fc17afe56d8113424308944,0,94,#ffffff
5fc17afe56d8113424308945,1,94,#ffffff
5fc17afe56d8113424308946,2,94,#ffffff
5fc17afe56d8113424308947,3,94,#ffffff
5fc17afe56d8113424308948,4,94,#ffffff
5fc17afe56d8113424308949,5,94,#ffffff
5fc17afe56d811342430894a,6,94,#ffffff
5fc17afe56d811342430894b,7,94,#ffffff
5fc17afe56d811342430894c,8,94,#ffffff
5fc17afe56d811342430894d,9,94,#ffffff
5fc17afe56d811342430894e,10,94,#ffffff
5fc17afe56d811342430894f,11,94,#ffffff
5fc17afe56d8113424308950,12,94,#ffffff
5fc17afe56d8113424308951,13,94,#ffffff
5fc17afe56d8113424308952,14,94,#ffffff
5fc17afe56d8113424308953,15,94,#ffffff
5fc17afe56d8113424308954,16,94,#ffffff
5fc17afe56d8113424308955,17,94,#ffffff
5fc17afe56d8113424308956,18,94,#ffffff
5fc17afe56d8113424308957,19,94,#ffffff
5fc17afe56d8113424308958,20,94,#ffffff
5fc17afe56d8113424308959,21,94,#ffffff
5fc17afe56d811342430895a,22,94,#ffffff
5fc17afe56d811342430895b,23,94,#ffffff
5fc17afe56d811342430895c,24,94,#ffffff
5fc17afe56d811342430895d,25,94,#ffffff
5fc17afe56d811342430895e,26,94,#ffffff
5fc17afe56d811342430895f,27,94,#ffffff
5fc17afe56d8113424308960,28,94,#ffffff
5fc17afe56d8113424308961,29,94,#ffffff
5fc17afe56d8113424308962,30,94,#ffffff
5fc17afe56d8113424308963,31,94,#ffffff
5fc17afe56d8113424308964,32,94,#ffffff
5fc17afe56d8113424308965,33,94,#ffffff
5fc17afe56d8113424308966,34,94,#ffffff
5fc17afe56d8113424308967,35,94,#ffffff
5fc17afe56d8113424308968,36,94,#ffffff
5fc17afe56d8113424308969,37,94,#ffffff
5fc17afe56d811342430896a,38,94,#ffffff
5fc17afe56d811342430896b,39,94,#ffffff
5fc17afe56d811342430896c,40,94,#ffffff
5fc17afe56d811342430896d,41,94,#ffffff
5fc17afe56d811342430896e,42,94,#ffffff
5fc17afe56d811342430896f,43,94,#ffffff
5fc17afe56d8113424308970,44,94,#ffffff
5fc17afe56d8113424308971,45,94,#ffffff
5fc17afe56d8113424308972,46,94,#ffffff
5fc17afe56d8113424308973,47,94,#ffffff
5fc17afe56d8113424308974,48,94,#ffffff
5fc17afe56d8113424308975,49,94,#ffffff
5fc17afe56d8113424308976,50,94,#ffffff
5fc17afe56d8113424308977,51,94,#ffffff
5fc17afe56d8113424308978,52,94,#ffffff
5fc17afe56d8113424308979,53,94,#ffffff
5fc17afe56d811342430897a,54,94,#ffffff
5fc17afe56d811342430897b,55,94,#ffffff
5fc17afe56d811342430897c,56,94,#ffffff
5fc17afe56d811342430897d,57,94,#ffffff
5fc17afe56d811342430897e,58,94,#ffffff
5fc17afe56d811342430897f,59,94,#ffffff
5fc17afe56d8113424308980,60,94,#ffffff
5fc17afe56d8113424308981,61,94,#ffffff
5fc17afe56d8113424308982,62,94,#ffffff
5fc17afe56d8113424308983,63,94,#ffffff
5fc17afe56d8113424308984,64,94,#ffffff
5fc17afe56d8113424308985,65,94,#ffffff
5fc17afe56d8113424308986,66,94,#ffffff
5fc17afe56d8113424308987,67,94,#ffffff
5fc17afe56d8113424308988,68,94,#ffffff
5fc17afe56d8113424308989,69,94,#ffffff
5fc17afe56d811342430898a,70,94,#ffffff
5fc17afe56d811342430898b,71,94,#ffffff
5fc17afe56d811342430898c,72,94,#ffffff
5fc17afe56d811342430898d,73,94,#ffffff
5fc17afe56d811342430898e,74,94,#ffffff
5fc17afe56d811342430898f,75,94,#ffffff
5fc17afe56d8113424308990,76,94,#ffffff
5fc17afe56d8113424308991,77,94,#ffffff
5fc17afe56d8113424308992,78,94,#ffffff
5fc17afe56d8113424308993,79,94,#ffffff
5fc17afe56d8113424308994,80,94,#ffffff
5fc17afe56d8113424308995,81,94,#ffffff
5fc17afe56d8113424308996,82,94,#ffffff
5fc17afe56d8113424308997,83,94,#ffffff
5fc17afe56d8113424308998,84,94,#ffffff
5fc17afe56d8113424308999,85,94,#ffffff
5fc17afe56d811342430899a,86,94,#ffffff
5fc17afe56d811342430899b,87,94,#ffffff
5fc17afe56d811342430899c,88,94,#ffffff
5fc17afe56d811342430899d,89,94,#ffffff
5fc17afe56d811342430899e,90,94,#ffffff
5fc17afe56d811342430899f,91,94,#ffffff
5fc17afe56d81134243089a0,92,94,#ffffff
5fc17afe56d81134243089a1,93,94,#ffffff
5fc17afe56d81134243089a2,94,94,#ffffff
5fc17afe56d81134243089a3,95,94,#ffffff
5fc17afe56d81134243089a4,96,94,#ffffff
5fc17afe56d81134243089a5,97,94,#ffffff
5fc17afe56d81134243089a6,98,94,#ffffff
5fc17afe56d81134243089a7,99,94,#ffffff
5fc17afe56d81134243089a8,100,94,#ffffff
5fc17afe56d81134243089a9,0,95,#ffffff
5fc17afe56d81134243089aa,1,95,#ffffff
5fc17afe56d81134243089ab,2,95,#ffffff
5fc17afe56d81134243089ac,3,95,#ffffff
5fc17afe56d81134243089ad,4,95,#ffffff
5fc17afe56d81134243089ae,5,95,#ffffff
5fc17afe56d81134243089af,6,95,#ffffff
5fc17afe56d81134243089b0,7,95,#ffffff
5fc17afe56d81134243089b1,8,95,#ffffff
5fc17afe56d81134243089b2,9,95,#ffffff
5fc17afe56d81134243089b3,10,95,#ffffff
5fc17afe56d81134243089b4,11,95,#ffffff
5fc17afe56d81134243089b5,12,95,#ffffff
5fc17afe56d81134243089b6,13,95,#ffffff
5fc17afe56d81134243089b7,14,95,#ffffff
5fc17afe56d81134243089b8,15,95,#ffffff
5fc17afe56d81134243089b9,16,95,#ffffff
5fc17afe56d81134243089ba,17,95,#ffffff
5fc17afe56d81134243089bb,18,95,#ffffff
5fc17afe56d81134243089bc,19,95,#ffffff
5fc17afe56d81134243089bd,20,95,#ffffff
5fc17afe56d81134243089be,21,95,#ffffff
5fc17afe56d81134243089bf,22,95,#ffffff
5fc17afe56d81134243089c0,23,95,#ffffff
5fc17afe56d81134243089c1,24,95,#ffffff
5fc17afe56d81134243089c2,25,95,#ffffff
5fc17afe56d81134243089c3,26,95,#ffffff
5fc17afe56d81134243089c4,27,95,#ffffff
5fc17afe56d81134243089c5,28,95,#ffffff
5fc17afe56d81134243089c6,29,95,#ffffff
5fc17afe56d81134243089c7,30,95,#ffffff
5fc17afe56d81134243089c8,31,95,#ffffff
5fc17afe56d81134243089c9,32,95,#ffffff
5fc17afe56d81134243089ca,33,95,#ffffff
5fc17afe56d81134243089cb,34,95,#ffffff
5fc17afe56d81134243089cc,35,95,#ffffff
5fc17afe56d81134243089cd,36,95,#ffffff
5fc17afe56d81134243089ce,37,95,#ffffff
5fc17afe56d81134243089cf,38,95,#ffffff
5fc17afe56d81134243089d0,39,95,#ffffff
5fc17afe56d81134243089d1,40,95,#ffffff
5fc17afe56d81134243089d2,41,95,#ffffff
5fc17afe56d81134243089d3,42,95,#ffffff
5fc17afe56d81134243089d4,43,95,#ffffff
5fc17afe56d81134243089d5,44,95,#ffffff
5fc17afe56d81134243089d6,45,95,#ffffff
5fc17afe56d81134243089d7,46,95,#ffffff
5fc17afe56d81134243089d8,47,95,#ffffff
5fc17afe56d81134243089d9,48,95,#ffffff
5fc17afe56d81134243089da,49,95,#ffffff
5fc17afe56d81134243089db,50,95,#ffffff
5fc17afe56d81134243089dc,51,95,#ffffff
5fc17afe56d81134243089dd,52,95,#ffffff
5fc17afe56d81134243089de,53,95,#ffffff
5fc17afe56d81134243089df,54,95,#ffffff
5fc17afe56d81134243089e0,55,95,#ffffff
5fc17afe56d81134243089e1,56,95,#ffffff
5fc17afe56d81134243089e2,57,95,#ffffff
5fc17afe56d81134243089e3,58,95,#ffffff
5fc17afe56d81134243089e4,59,95,#ffffff
5fc17afe56d81134243089e5,60,95,#ffffff
5fc17afe56d81134243089e6,61,95,#ffffff
5fc17afe56d81134243089e7,62,95,#ffffff
5fc17afe56d81134243089e8,63,95,#ffffff
5fc17afe56d81134243089e9,64,95,#ffffff
5fc17afe56d81134243089ea,65,95,#ffffff
5fc17afe56d81134243089eb,66,95,#ffffff
5fc17afe56d81134243089ec,67,95,#ffffff
5fc17afe56d81134243089ed,68,95,#ffffff
5fc17afe56d81134243089ee,69,95,#ffffff
5fc17afe56d81134243089ef,70,95,#ffffff
5fc17afe56d81134243089f0,71,95,#ffffff
5fc17afe56d81134243089f1,72,95,#ffffff
5fc17afe56d81134243089f2,73,95,#ffffff
5fc17afe56d81134243089f3,74,95,#ffffff
5fc17afe56d81134243089f4,75,95,#ffffff
5fc17afe56d81134243089f5,76,95,#ffffff
5fc17afe56d81134243089f6,77,95,#ffffff
5fc17afe56d81134243089f7,78,95,#ffffff
5fc17afe56d81134243089f8,79,95,#ffffff
5fc17afe56d81134243089f9,80,95,#ffffff
5fc17afe56d81134243089fa,81,95,#ffffff
5fc17afe56d81134243089fb,82,95,#ffffff
5fc17afe56d81134243089fc,83,95,#ffffff
5fc17afe56d81134243089fd,84,95,#ffffff
5fc17afe56d81134243089fe,85,95,#ffffff
5fc17afe56d81134243089ff,86,95,#ffffff
5fc17afe56d8113424308a00,87,95,#ffffff
5fc17afe56d8113424308a01,88,95,#ffffff
5fc17afe56d8113424308a02,89,95,#ffffff
5fc17afe56d8113424308a03,90,95,#ffffff
5fc17afe56d8113424308a04,91,95,#ffffff
5fc17afe56d8113424308a05,92,95,#ffffff
5fc17afe56d8113424308a06,93,95,#ffffff
5fc17afe56d8113424308a07,94,95,#ffffff
5fc17afe56d8113424308a08,95,95,#ffffff
5fc17afe56d8113424308a09,96,95,#ffffff
5fc17afe56d8113424308a0a,97,95,#ffffff
5fc17afe56d8113424308a0b,98,95,#ffffff
5fc17afe56d8113424308a0c,99,95,#ffffff
5fc17afe56d8113424308a0d,100,95,#ffffff
5fc17afe56d8113424308a0e,0,96,#ffffff
5fc17afe56d8113424308a0f,1,96,#ffffff
5fc17afe56d8113424308a10,2,96,#ffffff
5fc17afe56d8113424308a11,3,96,#ffffff
5fc17afe56d8113424308a12,4,96,#ffffff
5fc17afe56d8113424308a13,5,96,#ffffff
5fc17afe56d8113424308a14,6,96,#ffffff
5fc17afe56d8113424308a15,7,96,#ffffff
5fc17afe56d8113424308a16,8,96,#ffffff
5fc17afe56d8113424308a17,9,96,#ffffff
5fc17afe56d8113424308a18,10,96,#ffffff
5fc17afe56d8113424308a19,11,96,#ffffff
5fc17afe56d8113424308a1a,12,96,#ffffff
5fc17afe56d8113424308a1b,13,96,#ffffff
5fc17afe56d8113424308a1c,14,96,#ffffff
5fc17afe56d8113424308a1d,15,96,#ffffff
5fc17afe56d8113424308a1e,16,96,#ffffff
5fc17afe56d8113424308a1f,17,96,#ffffff
5fc17afe56d8113424308a20,18,96,#ffffff
5fc17afe56d8113424308a21,19,96,#ffffff
5fc17afe56d8113424308a22,20,96,#ffffff
5fc17afe56d8113424308a23,21,96,#ffffff
5fc17afe56d8113424308a24,22,96,#ffffff
5fc17afe56d8113424308a25,23,96,#ffffff
5fc17afe56d8113424308a26,24,96,#ffffff
5fc17afe56d8113424308a27,25,96,#ffffff
5fc17afe56d8113424308a28,26,96,#ffffff
5fc17afe56d8113424308a29,27,96,#ffffff
5fc17afe56d8113424308a2a,28,96,#ffffff
5fc17afe56d8113424308a2b,29,96,#ffffff
5fc17afe56d8113424308a2c,30,96,#ffffff
5fc17afe56d8113424308a2d,31,96,#ffffff
5fc17afe56d8113424308a2e,32,96,#ffffff
5fc17afe56d8113424308a2f,33,96,#ffffff
5fc17afe56d8113424308a30,34,96,#ffffff
5fc17afe56d8113424308a31,35,96,#ffffff
5fc17afe56d8113424308a32,36,96,#ffffff
5fc17afe56d8113424308a33,37,96,#ffffff
5fc17afe56d8113424308a34,38,96,#ffffff
5fc17afe56d8113424308a35,39,96,#ffffff
5fc17afe56d8113424308a36,40,96,#ffffff
5fc17afe56d8113424308a37,41,96,#ffffff
5fc17afe56d8113424308a38,42,96,#ffffff
5fc17afe56d8113424308a39,43,96,#ffffff
5fc17afe56d8113424308a3a,44,96,#ffffff
5fc17afe56d8113424308a3b,45,96,#ffffff
5fc17afe56d8113424308a3c,46,96,#ffffff
5fc17afe56d8113424308a3d,47,96,#ffffff
5fc17afe56d8113424308a3e,48,96,#ffffff
5fc17afe56d8113424308a3f,49,96,#ffffff
5fc17afe56d8113424308a40,50,96,#ffffff
5fc17afe56d8113424308a41,51,96,#ffffff
5fc17afe56d8113424308a42,52,96,#ffffff
5fc17afe56d8113424308a43,53,96,#ffffff
5fc17afe56d8113424308a44,54,96,#ffffff
5fc17afe56d8113424308a45,55,96,#ffffff
5fc17afe56d8113424308a46,56,96,#ffffff
5fc17afe56d8113424308a47,57,96,#ffffff
5fc17afe56d8113424308a48,58,96,#ffffff
5fc17afe56d8113424308a49,59,96,#ffffff
5fc17afe56d8113424308a4a,60,96,#ffffff
5fc17afe56d8113424308a4b,61,96,#ffffff
5fc17afe56d8113424308a4c,62,96,#ffffff
5fc17afe56d8113424308a4d,63,96,#ffffff
5fc17afe56d8113424308a4e,64,96,#ffffff
5fc17afe56d8113424308a4f,65,96,#ffffff
5fc17afe56d8113424308a50,66,96,#ffffff
5fc17afe56d8113424308a51,67,96,#ffffff
5fc17afe56d8113424308a52,68,96,#ffffff
5fc17afe56d8113424308a53,69,96,#ffffff
5fc17afe56d8113424308a54,70,96,#ffffff
5fc17afe56d8113424308a55,71,96,#ffffff
5fc17afe56d8113424308a56,72,96,#ffffff
5fc17afe56d8113424308a57,73,96,#ffffff
5fc17afe56d8113424308a58,74,96,#ffffff
5fc17afe56d8113424308a59,75,96,#ffffff
5fc17afe56d8113424308a5a,76,96,#ffffff
5fc17afe56d8113424308a5b,77,96,#ffffff
5fc17afe56d8113424308a5c,78,96,#ffffff
5fc17afe56d8113424308a5d,79,96,#ffffff
5fc17afe56d8113424308a5e,80,96,#ffffff
5fc17afe56d8113424308a5f,81,96,#ffffff
5fc17afe56d8113424308a60,82,96,#ffffff
5fc17afe56d8113424308a61,83,96,#ffffff
5fc17afe56d8113424308a62,84,96,#ffffff
5fc17afe56d8113424308a63,85,96,#ffffff
5fc17afe56d8113424308a64,86,96,#ffffff
5fc17afe56d8113424308a65,87,96,#ffffff
5fc17afe56d8113424308a66,88,96,#ffffff
5fc17afe56d8113424308a67,89,96,#ffffff
5fc17afe56d8113424308a68,90,96,#ffffff
5fc17afe56d8113424308a69,91,96,#ffffff
5fc17afe56d8113424308a6a,92,96,#ffffff
5fc17afe56d8113424308a6b,93,96,#ffffff
5fc17afe56d8113424308a6c,94,96,#ffffff
5fc17afe56d8113424308a6d,95,96,#ffffff
5fc17afe56d8113424308a6e,96,96,#ffffff
5fc17afe56d8113424308a6f,97,96,#ffffff
5fc17afe56d8113424308a70,98,96,#ffffff
5fc17afe56d8113424308a71,99,96,#ffffff
5fc17afe56d8113424308a72,100,96,#ffffff
5fc17afe56d8113424308a73,0,97,#ffffff
5fc17afe56d8113424308a74,1,97,#ffffff
5fc17afe56d8113424308a75,2,97,#ffffff
5fc17afe56d8113424308a76,3,97,#ffffff
5fc17afe56d8113424308a77,4,97,#ffffff
5fc17afe56d8113424308a78,5,97,#ffffff
5fc17afe56d8113424308a79,6,97,#ffffff
5fc17afe56d8113424308a7a,7,97,#ffffff
5fc17afe56d8113424308a7b,8,97,#ffffff
5fc17afe56d8113424308a7c,9,97,#ffffff
5fc17afe56d8113424308a7d,10,97,#ffffff
5fc17afe56d8113424308a7e,11,97,#ffffff
5fc17afe56d8113424308a7f,12,97,#ffffff
5fc17afe56d8113424308a80,13,97,#ffffff
5fc17afe56d8113424308a81,14,97,#ffffff
5fc17afe56d8113424308a82,15,97,#ffffff
5fc17afe56d8113424308a83,16,97,#ffffff
5fc17afe56d8113424308a84,17,97,#ffffff
5fc17afe56d8113424308a85,18,97,#ffffff
5fc17afe56d8113424308a86,19,97,#ffffff
5fc17afe56d8113424308a87,20,97,#ffffff
5fc17afe56d8113424308a88,21,97,#ffffff
5fc17afe56d8113424308a89,22,97,#ffffff
5fc17afe56d8113424308a8a,23,97,#ffffff
5fc17afe56d8113424308a8b,24,97,#ffffff
5fc17afe56d8113424308a8c,25,97,#ffffff
5fc17afe56d8113424308a8d,26,97,#ffffff
5fc17afe56d8113424308a8e,27,97,#ffffff
5fc17afe56d8113424308a8f,28,97,#ffffff
5fc17afe56d8113424308a90,29,97,#ffffff
5fc17afe56d8113424308a91,30,97,#ffffff
5fc17afe56d8113424308a92,31,97,#ffffff
5fc17afe56d8113424308a93,32,97,#ffffff
5fc17afe56d8113424308a94,33,97,#ffffff
5fc17afe56d8113424308a95,34,97,#ffffff
5fc17afe56d8113424308a96,35,97,#ffffff
5fc17afe56d8113424308a97,36,97,#ffffff
5fc17afe56d8113424308a98,37,97,#ffffff
5fc17afe56d8113424308a99,38,97,#ffffff
5fc17afe56d8113424308a9a,39,97,#ffffff
5fc17afe56d8113424308a9b,40,97,#ffffff
5fc17afe56d8113424308a9c,41,97,#ffffff
5fc17afe56d8113424308a9d,42,97,#ffffff
5fc17afe56d8113424308a9e,43,97,#ffffff
5fc17afe56d8113424308a9f,44,97,#ffffff
5fc17afe56d8113424308aa0,45,97,#ffffff
5fc17afe56d8113424308aa1,46,97,#ffffff
5fc17afe56d8113424308aa2,47,97,#ffffff
5fc17afe56d8113424308aa3,48,97,#ffffff
5fc17afe56d8113424308aa4,49,97,#ffffff
5fc17afe56d8113424308aa5,50,97,#ffffff
5fc17afe56d8113424308aa6,51,97,#ffffff
5fc17afe56d8113424308aa7,52,97,#ffffff
5fc17afe56d8113424308aa8,53,97,#ffffff
5fc17afe56d8113424308aa9,54,97,#ffffff
5fc17afe56d8113424308aaa,55,97,#ffffff
5fc17afe56d8113424308aab,56,97,#ffffff
5fc17afe56d8113424308aac,57,97,#ffffff
5fc17afe56d8113424308aad,58,97,#ffffff
5fc17afe56d8113424308aae,59,97,#ffffff
5fc17afe56d8113424308aaf,60,97,#ffffff
5fc17afe56d8113424308ab0,61,97,#ffffff
5fc17afe56d8113424308ab1,62,97,#ffffff
5fc17afe56d8113424308ab2,63,97,#ffffff
5fc17afe56d8113424308ab3,64,97,#ffffff
5fc17afe56d8113424308ab4,65,97,#ffffff
5fc17afe56d8113424308ab5,66,97,#ffffff
5fc17afe56d8113424308ab6,67,97,#ffffff
5fc17afe56d8113424308ab7,68,97,#ffffff
5fc17afe56d8113424308ab8,69,97,#ffffff
5fc17afe56d8113424308ab9,70,97,#ffffff
5fc17afe56d8113424308aba,71,97,#ffffff
5fc17afe56d8113424308abb,72,97,#ffffff
5fc17afe56d8113424308abc,73,97,#ffffff
5fc17afe56d8113424308abd,74,97,#ffffff
5fc17afe56d8113424308abe,75,97,#ffffff
5fc17afe56d8113424308abf,76,97,#ffffff
5fc17afe56d8113424308ac0,77,97,#ffffff
5fc17afe56d8113424308ac1,78,97,#ffffff
5fc17afe56d8113424308ac2,79,97,#ffffff
5fc17afe56d8113424308ac3,80,97,#ffffff
5fc17afe56d8113424308ac4,81,97,#ffffff
5fc17afe56d8113424308ac5,82,97,#ffffff
5fc17afe56d8113424308ac6,83,97,#ffffff
5fc17afe56d8113424308ac7,84,97,#ffffff
5fc17afe56d8113424308ac8,85,97,#ffffff
5fc17afe56d8113424308ac9,86,97,#ffffff
5fc17afe56d8113424308aca,87,97,#ffffff
5fc17afe56d8113424308acb,88,97,#ffffff
5fc17afe56d8113424308acc,89,97,#ffffff
5fc17afe56d8113424308acd,90,97,#ffffff
5fc17afe56d8113424308ace,91,97,#ffffff
5fc17afe56d8113424308acf,92,97,#ffffff
5fc17afe56d8113424308ad0,93,97,#ffffff
5fc17afe56d8113424308ad1,94,97,#ffffff
5fc17afe56d8113424308ad2,95,97,#ffffff
5fc17afe56d8113424308ad3,96,97,#ffffff
5fc17afe56d8113424308ad4,97,97,#ffffff
5fc17afe56d8113424308ad5,98,97,#ffffff
5fc17afe56d8113424308ad6,99,97,#ffffff
5fc17afe56d8113424308ad7,100,97,#ffffff
5fc17afe56d8113424308ad8,0,98,#ffffff
5fc17afe56d8113424308ad9,1,98,#ffffff
5fc17afe56d8113424308ada,2,98,#ffffff
5fc17afe56d8113424308adb,3,98,#ffffff
5fc17afe56d8113424308adc,4,98,#ffffff
5fc17afe56d8113424308add,5,98,#ffffff
5fc17afe56d8113424308ade,6,98,#ffffff
5fc17afe56d8113424308adf,7,98,#ffffff
5fc17afe56d8113424308ae0,8,98,#ffffff
5fc17afe56d8113424308ae1,9,98,#ffffff
5fc17afe56d8113424308ae2,10,98,#ffffff
5fc17afe56d8113424308ae3,11,98,#ffffff
5fc17afe56d8113424308ae4,12,98,#ffffff
5fc17afe56d8113424308ae5,13,98,#ffffff
5fc17afe56d8113424308ae6,14,98,#ffffff
5fc17afe56d8113424308ae7,15,98,#ffffff
5fc17afe56d8113424308ae8,16,98,#ffffff
5fc17afe56d8113424308ae9,17,98,#ffffff
5fc17afe56d8113424308aea,18,98,#ffffff
5fc17afe56d8113424308aeb,19,98,#ffffff
5fc17afe56d8113424308aec,20,98,#ffffff
5fc17afe56d8113424308aed,21,98,#ffffff
5fc17afe56d8113424308aee,22,98,#ffffff
5fc17afe56d8113424308aef,23,98,#ffffff
5fc17afe56d8113424308af0,24,98,#ffffff
5fc17afe56d8113424308af1,25,98,#ffffff
5fc17afe56d8113424308af2,26,98,#ffffff
5fc17afe56d8113424308af3,27,98,#ffffff
5fc17afe56d8113424308af4,28,98,#ffffff
5fc17afe56d8113424308af5,29,98,#ffffff
5fc17afe56d8113424308af6,30,98,#ffffff
5fc17afe56d8113424308af7,31,98,#ffffff
5fc17afe56d8113424308af8,32,98,#ffffff
5fc17afe56d8113424308af9,33,98,#ffffff
5fc17afe56d8113424308afa,34,98,#ffffff
5fc17afe56d8113424308afb,35,98,#ffffff
5fc17afe56d8113424308afc,36,98,#ffffff
5fc17afe56d8113424308afd,37,98,#ffffff
5fc17afe56d8113424308afe,38,98,#ffffff
5fc17afe56d8113424308aff,39,98,#ffffff
5fc17afe56d8113424308b00,40,98,#ffffff
5fc17afe56d8113424308b01,41,98,#ffffff
5fc17afe56d8113424308b02,42,98,#ffffff
5fc17afe56d8113424308b03,43,98,#ffffff
5fc17afe56d8113424308b04,44,98,#ffffff
5fc17afe56d8113424308b05,45,98,#ffffff
5fc17afe56d8113424308b06,46,98,#ffffff
5fc17afe56d8113424308b07,47,98,#ffffff
5fc17afe56d8113424308b08,48,98,#ffffff
5fc17afe56d8113424308b09,49,98,#ffffff
5fc17afe56d8113424308b0a,50,98,#ffffff
5fc17afe56d8113424308b0b,51,98,#ffffff
5fc17afe56d8113424308b0c,52,98,#ffffff
5fc17afe56d8113424308b0d,53,98,#ffffff
5fc17afe56d8113424308b0e,54,98,#ffffff
5fc17afe56d8113424308b0f,55,98,#ffffff
5fc17afe56d8113424308b10,56,98,#ffffff
5fc17afe56d8113424308b11,57,98,#ffffff
5fc17afe56d8113424308b12,58,98,#ffffff
5fc17afe56d8113424308b13,59,98,#ffffff
5fc17afe56d8113424308b14,60,98,#ffffff
5fc17afe56d8113424308b15,61,98,#ffffff
5fc17afe56d8113424308b16,62,98,#ffffff
5fc17afe56d8113424308b17,63,98,#ffffff
5fc17afe56d8113424308b18,64,98,#ffffff
5fc17afe56d8113424308b19,65,98,#ffffff
5fc17afe56d8113424308b1a,66,98,#ffffff
5fc17afe56d8113424308b1b,67,98,#ffffff
5fc17afe56d8113424308b1c,68,98,#ffffff
5fc17afe56d8113424308b1d,69,98,#ffffff
5fc17afe56d8113424308b1e,70,98,#ffffff
5fc17afe56d8113424308b1f,71,98,#ffffff
5fc17afe56d8113424308b20,72,98,#ffffff
5fc17afe56d8113424308b21,73,98,#ffffff
5fc17afe56d8113424308b22,74,98,#ffffff
5fc17afe56d8113424308b23,75,98,#ffffff
5fc17afe56d8113424308b24,76,98,#ffffff
5fc17afe56d8113424308b25,77,98,#ffffff
5fc17afe56d8113424308b26,78,98,#ffffff
5fc17afe56d8113424308b27,79,98,#ffffff
5fc17afe56d8113424308b28,80,98,#ffffff
5fc17afe56d8113424308b29,81,98,#ffffff
5fc17afe56d8113424308b2a,82,98,#ffffff
5fc17afe56d8113424308b2b,83,98,#ffffff
5fc17afe56d8113424308b2c,84,98,#ffffff
5fc17afe56d8113424308b2d,85,98,#ffffff
5fc17afe56d8113424308b2e,86,98,#ffffff
5fc17afe56d8113424308b2f,87,98,#ffffff
5fc17afe56d8113424308b30,88,98,#ffffff
5fc17afe56d8113424308b31,89,98,#ffffff
5fc17afe56d8113424308b32,90,98,#ffffff
5fc17afe56d8113424308b33,91,98,#ffffff
5fc17afe56d8113424308b34,92,98,#ffffff
5fc17afe56d8113424308b35,93,98,#ffffff
5fc17afe56d8113424308b36,94,98,#ffffff
5fc17afe56d8113424308b37,95,98,#ffffff
5fc17afe56d8113424308b38,96,98,#ffffff
5fc17afe56d8113424308b39,97,98,#ffffff
5fc17afe56d8113424308b3a,98,98,#ffffff
5fc17afe56d8113424308b3b,99,98,#ffffff
5fc17afe56d8113424308b3c,100,98,#ffffff
5fc17afe56d8113424308b3d,0,99,#ffffff